76	6	334	3			
GF1						
GF17						
GF29						
MFW2						
J7						
Ca07						
BOK	299299	182182	221221	161161	220220	136136
BOK	299299	182182	221221	161161	220220	136136
BOK	299299	182182	221223	161161	220220	136136
BOK	299299	182182	221221	161161	220220	136136
BOK	299299	182182	223223	161161	220220	136136
BOK	299299	182182	221221	161161	220220	136136
BOK	299299	182182	221223	161161	220220	136136
BOK	299299	182182	221221	161161	220220	136136
BOK	299299	182182	221221	161161	220220	136136
BOK	299299	182182	221221	161161	220220	136136
BOK	299299	182182	221221	161161	220220	136136
BOK	299299	182182	221223	161161	220220	136136
BOK	299299	182182	221223	161161	220220	136136
BOK	299299	182182	221221	161161	220220	136136
MVW	299299	182182	221221	161161	220220	136136
MVW	299299	182182	221221	161161	220220	136136
MVW	299299	182182	221223	161161	220220	136136
MVW	299299	182182	221223	161161	220220	136136
MVW	299299	182182	221221	161161	220220	136136
MVW	299299	182182	221221	161161	220220	136136
MVW	299299	182182	221223	161161	220220	136136
MVW	299299	182182	221221	161161	220220	136136
MVW	299299	182182	221221	161161	220220	136136
MVW	299299	182182	221221	161161	220220	136136
MVW	299299	182182	221221	161161	220220	136136
MVW	299299	182182	221221	161161	220220	136136
MVWZ	299299	182182	221221	161161	220220	136136
MVWZ	299299	182182	221221	161161	220220	136136
MVWZ	299299	182182	221221	161161	220220	136136
MVWZ	299299	182182	221223	161161	220220	136136
MVWZ	299299	182182	221221	161161	220220	136136
MVWZ	299299	182182	221223	161161	220220	136136
MVWZ	299299	182182	221221	161161	220220	136136
MVWZ	299299	182182	221221	161161	220220	136136
MVWZ	299299	182182	221221	161161	220220	136136
OKB	299299	182182	221221	161161	220220	136136
OKB	299299	182182	221221	161161	220220	136136
OKB	299299	182182	221223	161161	220220	136136
OKB	299299	182182	221223	161161	220220	136136
c2016	299299	182182	215223	161161	220220	124144
c2016	299299	182182	215229	161161	220220	124124
c2016	299299	182182	221223	161161	220220	124144
c2016	299299	182182	215221	161161	220220	124136
c2016	299299	182182	221223	161161	220220	144144
CCS	299299	182182	221221	161161	220220	136136
CCS	299299	182182	221223	161161	220220	136136
CCS	299299	182182	221223	161161	220220	136136
CCS	299299	182182	221223	161161	220220	136136
CCS	299299	182182	221221	161161	220220	136136
CCS	299299	182182	221223	161161	220220	136136
CCS	299299	182182	221221	161161	220220	136136
CCS	299299	182182	221223	161161	220220	136136
CCS	299299	182182	221223	161161	220220	136136
CCS	299299	182182	221223	161161	220220	136136
CCS	299299	182182	221223	161161	220220	136136
CCS	299299	182182	221223	161161	220220	136136
CCS	299299	182182	221221	161161	220220	136136
CCS	299299	182182	221223	161161	220220	136136
CCS	299299	182182	221221	161161	220220	136136
CCS	299299	182182	221223	161161	220220	136136
CCS	299299	182182	221221	161161	220220	136136
CCS	299299	182182	221221	161161	220220	136136
CCS	299299	182182	221221	161161	220220	136136
CCS	299299	182182	221221	161161	220220	136136
CCS	299299	182182	221221	161161	220220	136136
CCS	299299	182182	221221	161161	220220	136136
CCS	299299	182182	221221	161161	220220	136136
CCS	299299	182182	221221	161161	220220	136136
CCS	299299	182182	221221	161161	220220	136136
CCS	299299	182182	221223	161161	220220	136136
CCS	299299	182182	221221	161161	220220	136136
CCS	299299	182182	221221	161161	220220	136136
CCS	299299	182182	221221	161161	220220	136136
CCS	299299	182182	221221	161161	220220	136136
FFF	299299	182182	221221	161161	220220	136136
FFF	299299	182182	221221	161161	220220	136136
FFF	299299	182182	221221	161161	220220	136136
FFF	299299	182182	221221	161161	220220	136136
TL	299299	182182	221221	161161	220220	136136
TL	299299	182182	221223	161161	220220	136136
TL	299299	182182	221221	161161	220220	136136
TL	299299	182182	221223	161161	220220	124136
TL	299299	182182	221223	161161	220220	124136
TL	299299	182182	221223	161161	220220	136136
TL	299299	182182	221223	161161	220220	124136
TL	299299	182182	221223	161161	220220	136136
TL	299299	182182	223223	161161	220220	136136
TL	299299	182182	221221	161161	220220	136136
TL	299299	182182	221221	161161	220220	136136
TL	299299	182182	221223	161161	220220	124136
TL	299299	182182	221221	161161	220220	136136
TL	299299	182182	221221	161161	220220	136136
TL	299299	182182	221223	161161	220220	136136
TL	299299	182182	221221	161161	220220	124136
TL	299299	182182	221223	161161	220220	136136
TL	299299	182182	221223	161161	220220	136136
TL	299299	182182	221221	161161	220220	136136
TL	299299	182182	221221	161161	220220	136136
NLP	299299	182182	221221	161161	220220	124124
NLP	299299	182182	221221	161161	220220	124126
NLP	299299	182182	221221	161161	220220	124124
NLP	299299	182182	221221	161161	220220	124124
NLP	299299	182182	221221	161161	220220	124124
NLP	299299	182182	221221	161161	220220	124124
NLP	299299	182182	221221	161161	220220	124124
NLP	299299	182182	221221	161161	220220	124124
NLP	299299	182182	221221	161161	220220	124124
NLP	299299	182182	221221	161161	220220	124124
NLP	299299	182182	221221	161161	220220	124124
NLP	299299	182182	221221	161161	220220	124124
NLP	299299	182182	221221	161161	220220	124124
NLP	299299	182182	221221	161161	220220	124124
NLP	299299	182182	221221	161161	220220	124124
NLP	299299	182182	221221	161161	220220	124124
NLP	299299	182182	199221	161161	220220	124124
NLP	299299	182182	221221	161161	220220	124124
NLP	299299	182182	221221	161161	220220	124124
NLP	299299	182182	221221	161161	220220	124124
NLP	299299	182182	221221	161161	220220	124124
NLP	299299	182182	221221	161161	220220	124124
NLP	299299	182182	221221	161161	220220	124124
NLP	299299	182182	221221	161161	220220	124124
NLP	299299	182182	221221	161161	220220	124124
NLP	299299	182182	221221	161161	220220	124124
NLP	299299	182182	221221	161161	220220	124124
NLP	299299	182182	221221	161161	220220	124124
NLP	299299	182182	221221	161161	220220	124124
NLP	299299	182182	221221	161161	220220	124124
NLP	299299	182182	221221	161161	220220	124124
NLP	299299	182182	221221	161161	220220	124124
NLP	299299	182182	221221	161161	220220	124124
NLP	299299	182182	221221	161161	220220	124124
NLP	299299	182182	221221	161161	220220	124124
NLP	299299	182182	221221	161161	220220	124124
NLP	299299	182182	221221	161161	220220	124124
NLP	299299	182182	221221	161161	220220	124124
MY20	299299	182182	221221	161161	228228	124124
MY20	299299	182182	223223	161161	228228	124126
MY20	299299	182182	221221	161161	220228	124124
MY20	299299	182182	221223	161161	228228	124130
MY20	299299	182182	221223	161161	228228	126130
MY20	299299	182182	221221	161161	228228	124124
MY20	299299	182182	221221	161161	228228	124128
MY20	299299	182182	221223	161161	228228	124124
MY20	299299	182182	221221	161161	228228	124124
MY20	299299	182182	221221	161161	228228	124124
MY20	299299	182182	221223	161161	228228	126126
MY20	299299	182182	221221	161161	228228	126132
MY20	299299	182182	221221	161161	228228	124124
MY20	299299	182182	221221	161161	220228	124124
MY20	299299	182182	221223	161161	228228	128138
MY20	299299	182182	221221	161161	228228	124130
MY20	299299	182182	221223	161161	228228	124124
MY20	299299	182182	221223	161161	228228	124124
MY20	299299	182182	221221	161161	228228	124126
MY20	299299	182182	221221	161161	228228	124124
MY20	299299	182182	221221	161161	220228	124124
MY20	299299	182182	221221	161161	228228	124124
MY20	299299	182182	221221	161161	220228	124124
MY20	299299	182182	221221	161161	228228	124124
MY20	299299	182182	221223	161161	228228	126130
MY20	299299	182182	221223	161161	220228	126130
MY20	299299	182182	221223	161161	228228	126130
MY20	299299	182182	221221	161161	228228	126130
MY20	299299	182182	221223	161161	228228	126130
MY20	299299	182182	221223	161161	228228	124130
GFP	299299	182182	221221	161161	220220	124130
GFP	299299	182182	221221	161161	220220	0
GFP	299299	182182	221221	161161	220220	0
GFP	299299	182182	221221	161161	220220	136136
GFP	299299	182182	221221	161161	220220	0
GFP	299299	182182	221221	161161	220220	136136
GFP	299299	182182	221221	161161	220220	130132
GFP	299299	182182	221221	161161	220220	0
GFP	299299	182182	221221	161161	220220	136136
GFP	299299	182182	221221	161161	220220	136136
GFP	299299	182182	221221	161161	220220	128132
GFP	299299	182182	221221	161161	220220	136136
GFP	299299	182182	221221	161161	220220	136136
GFP	299299	182182	221221	161161	220220	124136
GFP	299299	182182	221221	161161	220220	130130
GFP	299299	182182	221221	161161	220220	136136
GFP	299299	182182	221221	161161	220220	136136
GFP	299299	182182	221221	161161	220220	124124
GFP	299299	182182	221221	161161	220220	132132
GFP	299299	182182	221221	161161	0	0
GFP	299299	182182	221221	161161	220220	132136
GFP	299299	182182	221221	161161	220220	120136
GFP	299299	182182	221221	161161	220220	124132
GFP	299299	182182	0	161161	0	124124
GFP	299299	182182	221221	161161	220220	136136
GFP	299299	182182	221221	161161	220220	126136
GFP	299299	182182	221221	161161	220220	126136
GFP	299299	182182	223223	161161	220220	124136
GFP	299299	182182	223223	161161	220220	124124
GFP	299299	182182	223223	161161	220220	136136
GFP	299299	182182	223223	161161	220220	132136
GFP	299299	182182	223223	161161	220220	136136
GFP	299299	182182	223223	161161	220220	136128
GFP	299299	182182	221221	161161	220220	136136
GFP	299299	182182	223223	161161	220220	136136
GFP	299299	182182	223223	161161	220220	136136
GFP	299299	182182	221223	161161	220220	124124
GFP	299299	182182	223223	161161	220220	136136
GFP	299299	182182	223223	161161	220220	136136
VIIKCA	299299	182182	221221	161161	228228	124124
VIIKCA	299299	182182	221221	161161	0	124124
VIIKCA	299299	182182	221221	161161	220220	124124
VIIKCA	299299	182182	221223	161161	220220	124124
VIIKCA	299299	182182	221223	161161	220220	124124
VIIKCA	299299	182182	221223	161161	0	124124
VIIKCA	299299	182182	221223	161161	220220	124124
VIIKCA	299299	182182	221223	161161	220220	124124
VIIKCA	299299	182182	221221	161161	228228	124128
VIIKCA	299299	182182	221223	161161	220220	124124
VIIKCA	299299	182182	221223	161161	220220	124124
VIIKCA	299299	182182	221223	161161	0	124124
VIIKCA	299299	182182	221223	161161	220220	124124
VIIKCA	299299	182182	221221	161161	220220	124124
VIIKCA	299299	182182	221221	161161	220220	124128
VIIKCA	299299	182182	221221	161161	0	124124
VIIKCA	299299	182182	0	161161	0	124124
VIIKCA	299299	182182	0	161161	220220	124124
VIIKCA	299299	182182	0	161161	220220	124124
VIIKCA	299299	182182	221223	161161	220220	124124
VIIKCA	299299	182182	221221	161161	220220	124124
VIIKCA	299299	182182	0	161161	220220	124124
VIIKCA	299299	182182	221223	161161	218218	124124
VIIKCA	299299	182182	0	161161	218220	124124
VIIKCA	299299	182182	0	161161	220228	124124
VIIKCA	299299	182182	221223	161161	220220	124124
VIIKCA	299299	182182	221221	161161	0	124124
VIIKCA	299299	182182	221223	161161	0	124124
VIIKCA	299299	182182	221221	161161	220220	124128
VIIKCA	299299	182182	221221	161161	220220	124124
VIIKCA	299299	182182	223223	161161	220220	124124
VIIKCA	299299	182182	221223	161161	220220	124124
VIIKCA	299299	182182	0	161161	220220	124124
VIIKHY	299307	182212	191221	157161	204220	126126
VIIKHY	299307	182212	191221	157161	204220	126126
VIIKHY	299301	182212	191221	157161	204220	126126
VIIKHY	299307	182212	191221	157161	204220	126126
VIIKHY	299301	182208	191221	157161	204220	126126
VIIKHY	301301	182202	191199	157157	204204	126126
CACR	299299	182182	215215	161161	202202	124124
CACR	299299	182182	215215	161161	202202	124124
CACR	299299	182182	215219	161161	202202	124124
CACR	299299	182182	215219	161161	202202	124124
CACR	299299	182182	213215	161161	202202	126140
CACR	299299	182182	215215	161161	202210	124128
CACR	299299	182186	215219	161161	210210	126130
CACR	299299	182182	213215	161161	202202	126140
CACR	299299	182182	215219	161161	202202	124124
CAKE	299299	182182	221221	161161	220220	124124
CAKE	299299	182182	221221	161161	220220	124138
CAKE	299299	182182	221223	161161	220220	136136
CAKE	299299	182182	221223	161161	220220	124136
CAKE	299299	182182	221221	161161	220220	124124
CAKE	299299	182182	221223	161161	220220	136136
CAKE	299299	182182	221223	161161	220220	138138
CAKE	299299	182182	223223	161161	220220	138138
CAKE	299299	182182	221223	161161	220220	124136
CAKE	299299	182182	221221	161161	220220	124136
CAKE	299299	182182	221221	161161	220220	136136
CAKE	299299	182182	221223	161161	220220	124124
CAKE	299299	182182	223223	161161	220220	124124
CAKE	299299	182182	221223	161161	220220	136136
CAKE	299299	182182	221223	161161	220224	124136
CAKE	299299	182182	221221	161161	220220	136136
CAKE	299299	182182	221223	161161	220220	136136
CAKE	299299	182182	223223	161161	220220	124136
CAKE	299299	182182	221223	161161	220220	138138
CAKE	299299	182182	223223	161161	220220	124136
CAKE	299299	182182	221221	161161	220220	124136
CAKE	299299	182182	223223	161161	220220	124136
CAKE	299299	182182	221221	161161	220220	124138
CAKE	299299	182182	221223	161161	220220	124136
CAKE	299299	182182	221223	161161	220220	124124
CAKE	299299	182182	221223	161161	220220	136136
CAKE	299299	182182	223223	161161	220220	124138
CAKE	299299	182182	221223	161161	220220	138138
CAKE	299299	182182	223223	161161	220220	124136
CALK	299299	182182	221221	161161	220220	124124
CALK	299299	182182	221221	161161	220220	124124
CALK	299299	182182	221221	161161	220220	124124
CALK	299299	182182	0	161161	220220	124124
CALK	299299	182182	221221	161161	220220	124124
CALK	299299	182182	221221	161161	220220	124124
CALK	299299	182182	221221	161161	220220	124124
CALK	299299	182182	221221	161161	220220	124124
CALK	299299	182182	221221	161161	220220	124124
CALK	299299	182182	221221	161161	220220	124124
CALK	299299	182182	221221	161161	220220	124124
CALK	299299	182182	0	161161	220220	124124
CALK	299299	182182	221221	161161	220220	124124
CALK	299299	182182	221221	161161	220220	124124
CALK	299299	182182	221221	161161	220220	124124
CALK	299299	182182	221221	161161	220220	124124
CALK	299299	182182	221221	161161	220220	124124
CALK	299299	182182	221221	161161	220220	124124
CALK	299299	182182	221221	161161	220220	124124
CALK	299299	182182	0	161161	220220	124124
CALK	299299	182182	0	161161	220220	124124
CALK	299299	182182	221221	161161	220220	124124
CALK	299299	182182	221221	161161	220220	124124
CALK	299299	182182	221221	161161	220220	124124
CALK	299299	182182	221221	161161	220220	124124
CALK	299299	182182	221221	161161	220220	124124
CALK	299299	182182	221221	161161	220220	124124
CALK	299299	182182	221221	161161	220220	124124
CALK	299299	182182	0	161161	220220	124124
CALK	299299	182182	221221	161161	220220	124124
CALK	299299	182182	221221	161161	220220	124124
CALK	299299	182182	221221	161161	220220	124124
CALK	299299	182182	221221	161161	220220	124124
CALK	299299	182182	221221	161161	220220	124124
CALK	299299	182182	221221	161161	220220	124124
CALK	299299	182182	221221	161161	220220	124124
CALK	299299	182182	221221	161161	0	124124
CALK	299299	182182	221221	161161	220220	124124
CALK	299299	182182	221221	161161	220220	124124
FFG	299299	182182	221223	161161	220220	136136
FFG	299299	182182	221223	161161	210220	124136
FFG	299299	182182	219221	161161	220220	136136
FFG	299299	182182	221223	161161	220220	136136
FFG	299299	182182	219221	161161	0	136136
FFG	299299	182182	221223	161161	220220	130136
FFG	299299	182182	221223	161161	210220	124130
FFG	299299	182182	0	161161	220220	130136
FFG	299299	182182	219221	161161	220220	136136
FFG	299299	182182	215221	161161	220224	130136
FFG	299299	182182	223223	161161	210210	124136
FFG	299299	182182	0	161161	220220	124124
FFG	299299	182182	0	161161	220220	124124
FFG	299299	182182	221223	161161	220224	124124
FFG	299299	182182	221223	161161	220224	124124
FFG	299299	182182	223223	161161	220220	136136
FFG	299299	182182	221223	161161	210220	124124
FFG	299299	182182	223223	161161	220220	124124
FFG	299299	182182	223223	161161	210220	136136
FFG	299299	182182	221223	161161	220220	124124
FFG	299299	182182	0	161161	220220	130136
FFG	299299	182182	221223	161161	220220	124130
FFG	299299	182182	215223	161161	220220	124136
FFG	299299	182182	221223	161161	220220	124136
FFG	299299	182182	215223	161161	220220	124136
GD	299299	182182	221221	161161	220220	124124
GD	299299	182182	221221	161161	220220	124124
GD	299299	182182	0	161161	220220	124124
GD	299299	182182	0	161161	220220	124124
GD	299299	182182	221221	161161	220220	124124
GD	299299	182182	221221	161161	220220	120124
GD	299299	182182	221221	161161	220220	124136
GD	299299	182182	221221	161161	220220	124124
GD	299299	182182	221226	161161	220220	124124
GD	299299	182182	0	161161	220220	124124
GD	299299	182182	221221	161161	220220	124124
GD	299299	182182	221221	161161	220220	124124
GD	299299	182182	221221	161161	220220	124124
GD	299299	182182	221221	161161	220220	124136
GD	299299	182182	221221	161161	220220	124136
GD	299299	182182	221223	161161	216216	124124
GD	299299	182182	0	161161	220220	124124
GD	299299	182182	221223	161161	220220	124136
GD	299299	182182	221223	161161	220220	136136
GD	299299	182182	221223	161161	220220	124124
GD	299299	182182	223223	161161	224224	124124
GD	299299	182182	221221	161161	220220	124124
GD	299299	182182	221221	161161	220220	124124
GD	299299	182182	221221	161161	220220	124124
GD	299299	182182	0	161161	220220	124124
GD	299299	182182	221221	161161	220220	124124
GD	299299	182182	0	161161	220220	124124
GD	299299	182182	221221	161161	220220	124124
GD	299299	182182	221221	161161	220220	124124
PRIM	299299	182182	221221	161161	220220	124132
PRIM	299299	182182	221221	161161	220228	124124
PRIM	299299	182182	223223	161161	220220	124138
PRIM	299299	182182	221221	161161	220220	132132
PRIM	299299	182182	221221	161161	220220	132136
PRIM	299299	182182	221221	161161	220220	136136
PRIM	299299	182182	221221	161161	220220	124136
PRIM	299299	182182	221223	161161	220220	136136
PRIM	299299	182182	223223	161161	220220	124136
PRIM	299299	182182	223223	161161	220220	124136
PRIM	299299	182182	221223	161161	214220	124136
PRIM	299299	182182	221223	161161	220220	124136
PRIM	299299	182182	221221	161161	220220	0
PRIM	299299	182182	223223	161161	220220	124136
PRIM	299299	182182	221221	161161	220220	124124
PRIM	299299	182182	223223	161161	220220	136136
PRIM	299299	182182	223223	161161	220220	132136
PRIM	299299	182182	221221	161161	220220	124136
PRIM	299299	182182	221221	161161	220220	136136
PRIM	299299	182182	0	161161	220220	124136
PRIM	299299	182182	221221	161161	220220	124132
PRIM	299299	182182	221223	161161	220220	124132
PRIM	299299	182182	223223	161161	220220	124124
PRIM	299299	182182	221223	161161	220220	124136
PRIM	299299	182182	221221	161161	220220	124124
PRIM	299299	182182	221223	161161	220220	124136
PRIM	299299	182182	221221	161161	220220	124136
PRIM	299299	182182	221223	161161	220220	136136
PRIM	299299	182182	221223	161161	220220	124124
PRIM	299299	182182	221223	161161	220220	132136
PRIM	299299	182182	221221	161161	220220	124132
PRIM	299299	182182	221221	161161	220220	124136
PRIM	299299	182182	221223	161161	220220	124136
PRIM	299299	182182	221223	161161	220220	124132
PRIM	299299	182182	221223	161161	220220	124124
PRIM	299299	182182	221221	161161	220220	124136
PRIM	299299	182182	221223	161161	220220	124132
PRIM	299299	182182	221221	161161	220220	124136
PRIM	299299	182182	221223	161161	220220	136136
PRIM	299299	182182	221221	161161	220220	136136
PRIM	299299	182182	221221	161161	220220	136136
PRIM	299299	182182	0	161161	220220	124136
PRIM	299299	182182	0	161161	220220	124136
PRIM	299299	182182	0	161161	220220	124136
PRIM	299299	182182	221221	161161	220220	136136
PRIM	297299	0	221221	161251	220220	0
PRIM	297299	0	221221	161251	220220	0
PRIM	297299	0	221221	161251	220220	0
PRIM	297299	0	221221	161161	220220	0
PRIM	297299	0	0	161251	220220	0
PRIM	297299	0	221221	161249	220220	0
PRIM	299299	0	221223	161161	220220	0
PRIM	297299	0	221254	161249	220220	0
PRIM	297299	0	223221	161161	220220	0
PRIM	297299	0	223223	161161	220220	0
PRIM	297299	0	221254	161253	220220	0
PRIM	297299	0	221221	161249	220220	0
PRIM	297299	0	221221	161253	220220	0
PRIM	297299	0	223223	161249	220220	0
PRIM	297299	0	221221	161251	220220	0
ROPE	297299	0	221272	161233	220220	0
ROPE	297297	0	275275	161251	207220	0
ROPE	297299	0	221224	161251	205220	0
ROPE	297299	0	221278	161261	202220	0
ROPE	297299	0	199221	157157	202220	0
SD	299299	182182	221221	161161	220220	124124
SD	299299	182182	221221	161161	220220	124136
SD	299299	182182	221221	161161	220220	124124
SD	299299	182182	0	161161	220220	124124
SD	299299	182182	0	161161	220220	124136
SD	299299	182182	221221	161161	220220	124124
SD	299299	182182	215215	161161	220220	124136
SD	299299	182182	221221	161161	220220	124124
SD	299299	182182	0	161161	220220	124136
SD	299299	182182	221221	161161	0	124124
SD	299299	182182	221221	161161	0	124136
SD	299299	182182	0	161161	220220	124124
SD	299299	182182	221221	161161	220220	124136
SD	299299	182182	221221	161161	220220	130132
SD	299299	182182	221221	161161	0	124136
SD	299299	182182	221221	161161	220220	136136
SD	299299	182182	221221	161161	220220	124124
SD	299299	182182	221221	161161	220220	124136
SD	299299	182182	221221	161161	0	136136
SD	299299	182182	221221	161161	220220	124124
SD	299299	0	0	161	0	122122
SD	299299	182182	0	161161	220220	124124
LUN	299299	182182	221223	161161	220224	136124
LUN	299299	182182	221223	161161	220220	124124
LUN	299299	182182	221221	161161	220220	124124
LUN	299299	182182	223223	161161	220224	124124
LUN	299299	182182	221221	161161	220224	124124
LUN	299299	182182	221221	161161	220224	128124
LUN	299299	182182	0	161161	220220	124124
LUN	299299	182182	223223	161161	220220	124124
LUN	299299	182182	221223	161161	220224	136124
LUN	299299	182182	221221	161161	220220	128124
LUN	299299	182182	221223	161161	220220	124124
LUN	299299	182182	221223	161161	220224	124122
LUN	299299	182182	221223	161161	220220	128124
LUN	299299	182182	221223	161161	220220	124124
LUN	299299	182182	223223	161161	220220	128124
LUN	299299	182182	219219	161161	220224	124124
LUN	299299	182182	221223	161161	220220	128124
LUN	299299	182182	223223	161161	220220	124124
LUN	299299	182182	221223	161161	220220	128124
LUN	299299	182182	223223	161161	220220	136128
LUN	299299	182182	221223	161161	220224	128124
LUN	299299	182182	221221	161161	220220	124124
LUN	299299	182182	221223	161161	220224	124124
LUN	299299	182182	221221	161161	224224	124124
LUN	299299	182182	221221	161161	220220	124124
LUN	299299	182182	223223	161161	220220	136124
LUN	299299	182182	0	161161	220224	124122
LUN	299299	182182	221221	161161	220224	124124
LUN	299299	182182	221223	161161	220220	124124
LUN	299299	182182	223223	161161	220224	128128
LUN	299299	182182	221223	161161	224224	136124
GR	299299	182182	221221	161161	220220	124136
GR	299299	182182	221221	161161	220220	124138
GR	299299	182182	221223	161161	220220	136136
GR	299299	182182	221223	161161	218218	126136
GR	299299	182182	219221	161161	220220	124124
GR	299299	182182	221223	161161	220220	136136
GR	299299	182182	221223	161161	220220	136138
GR	299299	182182	0	161161	220220	0
GR	299299	182182	221223	161161	220220	124136
GR	299299	182182	221221	161161	220220	124136
GR	299299	182182	0	161161	220220	136136
GR	299299	182182	221223	161161	220220	124138
GR	299299	182182	0	161161	220220	124124
GR	299299	182182	221223	161161	220220	136136
GR	299299	182182	221223	161161	220224	124136
GR	299299	182182	221223	161161	220220	136136
GR	299299	182182	223223	161161	220220	124136
GR	299299	182182	221223	161161	220220	136138
GR	299299	182182	0	161161	220220	124136
GR	299299	182182	221221	161161	220220	124136
GR	299299	182182	223223	161161	220220	124136
GR	299299	182182	221221	161161	220220	124138
GR	299299	182182	221223	161161	220220	124136
GR	299299	182182	221223	161161	220220	124124
GR	299299	182182	221223	161161	220220	136136
GR	299299	182182	0	161161	220220	136138
GR	299299	182182	0	161161	220220	124136
GR	299299	182182	0	161161	220220	136136
GR	299299	182182	221223	161161	220220	124124
GR	299299	182182	221221	161161	220220	124138
GR	299299	182182	221223	161161	220220	124124
GR	299299	182182	221223	161161	220220	136136
GR	299299	182182	0	161161	220220	136136
GR	299299	182182	0	161161	220220	136136
GR	299299	182182	0	161161	220220	136138
GR	299299	182182	0	161161	220220	124136
GR	299299	182182	221221	161161	220220	124136
GR	299299	182182	221221	161161	220220	136136
GR	299299	182182	221221	161161	220220	124132
GR	299299	182182	221221	161161	220228	124124
GR	299299	182182	0	161161	220220	124138
GR	299299	182182	0	161161	220220	132132
GR	299299	182182	0	161161	220220	132136
GR	299299	182182	0	161161	220220	136136
GR	299299	182182	221221	161161	220220	124136
GR	299299	182182	221223	161161	220220	136136
GR	299299	182182	223223	161161	220220	124136
GR	299299	182182	223223	161161	220220	124136
GR	299299	182182	221223	161161	214220	124136
GR	299299	182182	0	161161	220220	124136
GR	299299	182182	221221	161161	220220	0
GR	299299	182182	0	161161	220220	124136
GR	299299	182182	221221	161161	220220	124124
GR	299299	182182	221223	161161	220220	136136
GR	299299	182182	223223	161161	220220	132136
GR	299299	182182	0	161161	220220	124136
GR	299299	182182	0	161161	220220	136136
GR	299299	182182	0	161161	220220	124136
GR	299299	182182	0	161161	220220	124132
GR	299299	182182	221223	161161	220220	124124
GR	299299	182182	221223	161161	220220	124136
GR	299299	182182	221221	161161	220220	124124
GR	299299	182182	0	161161	220220	124136
GR	299299	182182	221221	161161	220220	124136
GR	299299	182182	0	161161	220220	136136
GR	299299	182182	0	161161	220220	124124
GR	299299	182182	0	161161	220220	132136
GR	299299	182182	221221	161161	220220	124132
GR	299299	182182	221221	161161	220220	124136
GR	299299	182182	221223	161161	220220	136136
GR	299299	182182	221223	161161	220220	124132
GR	299299	182182	0	161161	220220	124124
GR	299299	182182	0	161161	220220	124136
GR	299299	182182	0	161161	220220	124132
GR	299299	182182	221221	161161	220220	124136
GR	299299	182182	221223	161161	220220	136136
POLEN	299299	182182	221223	161161	220220	124136
POLEN	299299	182182	221221	161161	220220	124136
POLEN	299299	182182	221221	161161	220220	124124
POLEN	299299	182182	221221	161161	220220	124136
POLEN	299299	182182	221223	161161	220220	136136
POLEN	299299	182182	221223	161161	220220	124136
POLEN	299299	182182	221221	161161	220220	124136
POLEN	299299	182182	221223	161161	220220	124136
POLEN	299299	182182	221221	161161	220220	124136
POLEN	299299	182182	221221	161161	220220	124136
POLEN	299299	182182	221221	161161	220222	124124
POLEN	299299	182182	221221	161161	220220	124124
POLEN	299299	182182	221221	161161	220220	136136
POLEN	299299	182182	221223	161161	220220	136136
RM	299299	182182	221223	161161	220220	136136
RM	299299	182182	221221	161161	220220	136136
RM	299299	182182	221221	161161	220220	136136
RM	299299	182182	221223	161161	220220	124136
RM	299299	182182	221221	161161	220220	136136
RM	299299	182182	221223	161161	220220	136136
RM	299299	182182	221221	161161	220220	136136
RM	299299	182182	221221	161161	220220	136136
RM	299299	182182	221223	161161	220220	124124
RM	299299	182182	221221	161161	220220	124136
RM	299299	182182	223223	161161	220220	136136
RM	299299	182182	221223	161161	220220	136136
RM	299299	182182	221223	161161	220220	124136
RM	299299	182182	221221	161161	220220	124136
RM	299299	182182	221221	161161	220220	136136
RM	299299	182182	221223	161161	220220	136136
RM	299299	182182	221221	161161	220220	136136
RM	297299	0	221275	161253	208220	0
RM	297299	182182	221275	161257	220220	0
RM	299299	182182	221221	161161	220220	136136
RM	299299	182182	221221	161161	220220	136136
RM	297299	0	223282	161239	220220	0
RM	297297	0	254272	241249	208208	0
RM	297297	0	282272	239253	208220	0
RM	297297	0	254272	251251	208220	0
RM	297297	0	272272	265265	208208	0
RM	297297	0	254275	249257	208208	0
RM	297297	0	272275	249249	208208	0
RM	297297	0	272275	251251	208208	0
RM	299299	182182	221223	161161	220220	136136
RM	299299	182182	221221	161161	220220	124124
RM	299299	182182	223223	161161	220220	124136
RM	299299	182182	223223	161161	220220	124124
RM	299299	182182	221221	161161	220220	136136
RM	299299	182182	221221	161161	220220	136136
RM	299299	182182	221223	161161	220220	124136
RM	299299	182182	223223	161161	220220	124136
RM	299299	182182	221221	161161	220220	136136
RM	299299	182182	221221	161161	220220	136136
GEW3	299299	182186	213215	161161	202210	124126
GEW3	299299	186186	213215	161161	208210	126136
GEW3	299299	182186	215219	161161	210210	124136
GEW3	299299	182186	219223	161161	208210	124126
GEW3	299299	186186	0	161161	208210	124136
GEW3	299299	182186	213223	161161	202210	124136
GEW3	299299	182182	213213	161161	208210	126136
GEW3	299299	182186	213213	161161	208210	126136
GEW8	299299	186186	213223	161161	202210	124126
GEW8	299299	182182	213213	161161	208210	124136
GEW8	299299	182186	213219	161161	208208	124136
GEW8	299299	182182	213215	161161	208208	124136
GEW8	299299	182182	213213	161161	208208	124124
GEW8	299299	182186	213213	161161	208210	124136
GEW8	299299	182182	213215	161161	208210	136136
GEW8	299299	182182	213219	161161	208220	124136
GEW8	299299	182186	213215	161161	208208	124136
SWED	307307	182212	199199	161161	202202	124130
SWED	299334	182212	199221	157161	204220	132132
SWED	301305	192194	209209	157157	204204	130130
SWED	307337	202202	199199	157157	202208	130130
SWED	307307	194194	199199	157157	204208	126132
SWED	301307	192194	199199	157157	204204	128128
SWED	0	182182	191221	161157	202222	134134
SWED	299299	182182	191191	157161	204222	155155
SWED	299299	182182	199224	161157	202220	134134
SWED	301299	182208	191221	157161	202220	155155
SWED	299301	182208	199221	157161	202220	124134
SWED	299301	182182	0	157161	202220	133133
SWED	299301	182182	199221	157161	202220	133133
SWED	299301	182182	191221	157161	202222	155155
SWED	299301	182182	191221	204221	202220	134134
MOAT	299299	182182	0	161161	220220	124136
MOAT	299299	182182	0	161161	220220	136136
MOAT	299299	182182	0	161161	220220	124136
MOAT	299299	182182	0	161161	220220	124124
MOAT	299299	182182	0	161161	220220	124136
MOAT	299299	182182	0	161161	220220	136136
MOAT	299299	182182	0	161161	220220	124136
MOAT	299299	182182	0	161161	220220	124136
MOAT	299299	182182	0	161161	220220	124136
MOAT	299299	182182	0	161161	220220	124136
MOAT	299299	182182	0	161161	220220	124124
MOAT	299299	182182	0	161161	220220	124124
MOAT	299299	182182	0	161161	220220	124124
MOAT	299299	182182	0	161161	220220	124136
MOAT	299299	182182	0	161161	220220	124124
MOAT	299299	182182	0	161161	220220	124124
MOAT	299299	182182	0	161161	220220	124136
MOAT	299299	182182	0	161161	220220	124136
MOAT	299299	182182	0	161161	220220	124124
MOAT	299299	182182	0	161161	220220	124124
MOAT	299299	182182	0	161161	220220	136136
MOAT	299299	182182	0	161161	220220	124136
MOAT	299299	182182	0	161161	220220	124124
MOAT	299299	182182	0	161161	220220	124136
OST	299299	182182	0	161161	220220	124124
OST	299299	182182	0	161161	220220	124124
OST	299299	182182	0	161161	220220	124124
OST	299299	182182	0	161161	220220	124124
OST	299299	182182	0	161161	220220	124136
OST	299299	182182	0	161161	220220	124124
OST	299299	182182	0	161161	220220	124124
OST	299299	182182	0	161161	220220	124124
OST	299299	182182	0	161161	220220	124124
OST	299299	182182	0	161161	220220	124124
OST	299299	182182	0	161161	220220	124124
OST	299299	182182	0	161161	220220	124124
OST	299299	182182	0	161161	220222	124124
OST	299299	182182	0	161161	220220	124124
OST	299299	182182	0	161161	220220	124124
OST	299299	182182	0	161161	220220	124124
OST	299299	182182	0	161161	220220	124124
OST	299299	182182	0	161161	220220	124124
OST	299299	182182	0	161161	220220	124124
OST	299299	182182	0	161161	220220	124124
OST	299299	182182	0	161161	220222	124124
OST	299299	182182	0	161161	220220	0
OST	299299	182182	0	161161	220220	124124
OST	299299	182182	0	161161	220220	124124
OST	299299	182182	0	161161	220220	124124
OST	299299	182182	0	161161	220220	124124
OST	299299	182182	0	161161	220220	124124
OST	299299	182182	0	161161	220220	124124
OST	299299	182182	0	161161	220222	124124
OST	299299	182182	0	161161	220220	124124
BF	299299	182182	0	161161	220220	124124
BF	299299	182182	0	161161	220220	124136
BF	299299	182182	0	161161	220220	124136
BF	299299	182182	0	161161	220220	124124
BF	299299	182182	0	161161	220220	136136
BF	299299	182182	0	161161	220220	124124
BF	299299	182182	0	161161	220220	124124
BF	299299	182182	0	161161	220220	124136
BF	299299	182182	0	161161	220220	136136
BF	299299	182182	0	161161	220220	124124
BF	299299	182182	0	161161	220220	124136
BF	299299	182182	0	161161	220220	124136
BF	299299	182182	0	161161	220220	124124
BF	299299	182182	0	161161	220220	124136
BF	299299	182182	0	161161	220220	124124
BF	299299	182182	0	161161	220220	124124
BF	299299	182182	0	161161	220220	124124
BF	299299	182182	0	161161	220220	124124
BF	299299	182182	0	161161	220220	136136
BF	299299	182182	0	161161	220220	124136
BF	299299	182182	0	161161	220220	136136
BF	299299	182182	0	161161	220220	136136
BF	299299	182182	0	161161	220220	124124
BF	299299	182182	0	161161	220220	124136
BF	299299	182182	0	161161	220220	124136
BF	299299	182182	0	161161	220220	124136
BF	299299	182182	0	161161	220220	124136
BF	299299	182182	0	161161	220220	124136
BF	299299	182182	0	161161	220220	124136
BF	299299	182182	0	161161	220220	136136
BF	299299	182182	0	161161	220220	124136
BF	299299	182182	0	161161	220220	124136
BF	299299	182182	0	161161	220220	124124
BF	299299	182182	0	161161	220220	124136
BF	299299	182182	0	161161	220220	124124
BF	299299	182182	0	161161	220220	136136
BF	299299	182182	0	161161	220220	124124
BF	299299	182182	0	161161	220220	124136
BF	299299	182182	0	161161	220220	124136
OTOM	299299	182182	0	161161	220220	124136
OTOM	299299	182182	0	161161	220220	124136
OTOM	299299	182182	0	161161	220220	124136
OTOM	299299	182182	0	161161	220220	136136
OTOM	299299	182182	0	161161	220220	124124
OTOM	299299	182182	0	161161	220220	124136
OTOM	299299	182182	0	161161	220220	0
OTOM	299299	182182	0	161161	220220	124136
OTOM	299299	182182	0	161161	220220	136136
OTOM	299299	182182	0	161161	220220	136136
OTOM	299299	182182	0	161161	220220	136136
OTOM	299299	182182	0	161161	220220	136136
OTOM	299299	182182	0	161161	220220	136136
OTOM	299299	182182	0	161161	220220	124136
OTOM	299299	182182	0	161161	220220	124136
OTOM	299299	182182	0	161161	220220	136136
OTOM	299299	182182	0	161161	220220	124124
OTOM	299299	182182	0	161161	220220	136136
OTOM	299299	182182	0	161161	220220	124136
OTOM	299299	182182	0	161161	220220	136136
OTOM	299299	182182	0	161161	220220	124136
OTOM	299299	182182	0	161161	220220	136136
OTOM	299299	182182	0	161161	220220	136136
OTOM	299299	182182	0	161161	220220	136136
OTOM	299299	182182	0	161161	220220	136136
OTOM	299299	182182	0	161161	220220	136136
OTOM	299299	182182	0	161161	220220	136136
UMCA	299299	182182	0	161161	220220	124136
UMCA	299299	182182	0	161161	220220	124136
UMCA	299299	182182	0	161161	220220	124124
UMCA	299299	182182	0	161161	220220	124136
UMCA	299299	182182	0	161161	220220	124124
UMCA	299299	182182	0	161161	220220	124136
UMCA	299299	182182	0	161161	220220	124124
UMCA	299299	182182	0	161161	220220	136136
UMCA	299299	182182	0	161161	220220	124124
UMCA	299299	182182	0	161161	220220	136136
LMCA	299299	182182	0	161161	222222	124124
LMCA	299299	182182	0	161161	222222	124136
LMCA	299299	182182	0	161161	222222	124124
LMCA	299299	182182	0	161161	222222	124124
LMCA	299299	182182	0	161161	220222	124124
LMCA	299299	182182	0	161161	220220	124124
LMCA	299299	182182	0	161161	220220	124136
LMCA	299299	182182	0	161161	220220	124124
LMCA	299299	182182	0	161161	222222	124124
LMCA	299299	182182	0	161161	222222	124124
JAR	299299	182182	223223	161161	220220	132126
JAR	299299	182182	223223	161161	220220	132126
JAR	299299	182182	221223	161161	220220	130124
JAR	299299	182182	221223	161161	220220	124124
JAR	299299	182182	221223	161161	220220	124124
JAR	299299	182182	223223	161161	220220	130124
JAR	299299	182182	221223	161161	220220	124124
JAR	299299	182182	221221	161161	220220	124124
JAR	299299	182182	223223	161161	220220	130124
JAR	299299	182182	221221	161161	220220	124124
JAR	299299	182182	221221	161161	220220	124124
JAR	299299	182182	223223	161161	220220	130124
JAR	299299	182182	221221	161161	220220	124124
JAR	299299	182182	223223	161161	220220	130130
JAR	299299	182182	221221	161161	220220	130124
JAR	299299	182182	221221	161161	220220	124134
JAR	299299	182182	223223	161161	220220	130134
JAR	299299	182182	221221	161161	220220	130124
JAR	299299	182182	223223	161161	220220	130124
H	299301	182214	199223	157161	204220	124124
H	299314	182190	195223	157161	204220	132132
H	299301	182214	191223	157161	204220	130130
H	299312	182214	195223	157161	204220	124124
H	299312	182214	199223	157161	204220	124134
H	299312	182214	195223	157161	204220	124124
H	299301	182182	191221	157161	204220	130130
H	299314	182214	195221	157161	204220	124124
H	297299	0	0	161257	220220	0
H	299314	182214	0	157161	202220	132132
H	299314	182214	195223	157161	202220	124132
H	299314	182214	199221	157161	202220	124124
H	299314	182214	195223	157161	204220	124124
H	299312	182214	195221	157161	204220	124124
H	299314	182214	199221	157161	204220	124124
H	299301	182214	195221	157161	204220	132132
H	299314	182214	199223	157161	204220	124124
H	299301	182190	195221	157161	204220	124136
H	299299	182182	223223	161161	220220	136136
H	299299	182182	223223	161161	220220	136136
H	299299	182182	221221	161161	220220	136136
M	299299	182182	221221	161161	220220	136136
M	299299	182182	221221	161161	220220	136136
M	299299	182182	221221	161161	220220	136136
M	299299	182182	221221	161161	220220	136136
M	299314	182190	195221	157161	204220	128128
M	299312	182192	199221	157161	204220	124124
M	299312	182192	199221	157161	202220	124124
FM	299314	182214	0	157161	204220	148148
FM	299301	182214	0	157161	204220	148148
FM	299299	182182	0	161161	220220	136136
FM	299299	182182	0	161161	220220	136136
FM	299299	182182	0	161161	220220	124136
FM	299301	182192	0	157161	204220	124124
FM	299299	182182	0	161161	220220	124136
FM	299299	182182	0	161161	220220	124136
FM	299299	182182	0	161161	220220	0
FM	299299	182182	0	161161	220220	124124
FCA	299314	182214	195221	157161	204220	132136
FCA	297314	214214	195195	157157	204204	132132
FCA	299299	182182	221223	161161	220220	124132
FCC	299312	182192	195221	157161	202220	148148
FCC	299299	182182	221221	161161	220220	124124
FCC	299299	182182	221223	161161	220220	132132
FCC	299299	182182	221223	161161	220220	132132
FCC	299299	182182	221223	161161	220220	136136
FCC	299299	182182	223223	161161	220220	124136
FCC	299299	182182	221223	161161	220220	132136
FCC	299299	182182	221223	161161	220220	136136
FCC	299299	182182	221223	161161	220220	0
FCC	299299	182182	221221	161161	220222	124124
FCC	299299	182182	221221	161161	220222	124124
FCC	299299	182182	221221	161161	220220	124124
FCC	299301	182208	191221	157161	204221	124134
FCC	301301	182212	0	157157	204204	130134
FCC	299307	182182	199223	157161	204220	122132
FCC	299299	182182	221223	161161	220220	124136
FCC	299314	182190	195223	157161	204220	124124
FCC	299314	190182	195223	157161	204220	124124
FCC	299299	182182	221223	161161	220220	124136
FCC	299299	182182	221221	161161	220220	126136
FCC	0	182182	0	161161	220220	136136
FCC	299299	182182	221223	161161	220220	132136
FCC	299299	182182	221221	161161	220220	0
FCC	299299	182182	221223	161161	220220	136136
ECA	307312	0	191195	157157	202204	132132
ECA	299312	182204	207221	157161	202220	130130
ECA	299299	182192	191223	157161	204220	124132
ECA	314314	0	195207	157157	204204	130130
ECA	299314	182214	191221	157161	202220	132132
ECA	299314	0	191223	157161	204220	0
ECA	299312	182182	207223	157161	202220	132132
ECA	299314	182182	195221	157161	204220	132132
ECA	312312	0	191199	157157	204204	130132
ECA	301301	196196	221221	157157	204204	132132
ECA	307312	192192	191207	157157	202202	130132
ECA	299314	182204	191223	157161	202220	130130
ECA	299307	182192	199223	157161	204220	136136
ECA	307314	0	195221	157157	202204	132136
ECA	307312	196196	199207	157157	202204	130130
ECA	312314	192192	191199	157157	204204	130136
ECA	299312	182214	191223	157161	202220	132132
ECA	299312	182182	199221	157161	204220	0
ECA	312312	192192	195199	157157	204204	132132
ECA	301312	196196	199199	157157	202204	130130
ECA	299314	182214	191223	157161	204220	132132
ECA	307307	0	191191	157157	202202	130130
ECA	299314	182214	0	157161	202220	130130
ECA	299314	182196	191223	157161	204220	130130
ECC	299299	182182	221223	161161	220220	136136
ECC	299299	182182	221221	161161	220220	136136
ECC	299299	0	221223	161161	220220	0
ECC	299299	182182	221223	161161	220220	136136
EC	314314	204214	191199	157157	202204	124132
EC	299312	182204	191223	157161	204220	132132
EC	312314	196196	195199	157157	202204	132132
EC	299314	182214	195221	157161	202220	132132
EC	299314	182214	191221	157161	204220	132132
EC	307312	192214	199199	157157	202204	130136
EC	301307	192214	195199	157157	202204	124136
EC	312314	214214	199199	157157	202204	130132
EC	299314	182204	199223	157161	204220	124124
EC	299301	182214	0	157161	206220	132132
EC	299312	182204	195223	157161	204220	130130
EC	299312	182192	199221	157161	204220	132132
EC	299314	0	199221	157161	202220	124132
EC	299314	182182	207221	157161	202220	132132
EC	299312	182204	191223	157157	202220	130130
EC	299314	182204	191212	157161	202220	130130
EC	299301	182196	191223	157161	204220	130130
EC	299314	182214	195223	157161	204220	132132
EC	299301	182214	191223	157161	202220	132132
EC	299312	182204	191223	157161	204220	132132
EC	299312	182192	199223	157161	204220	136136
EC	299299	182182	221221	161161	220220	132136
EC	299314	182182	195223	157161	202220	124132
EP	297299	0	0	161267	220220	0
EP	299312	182204	0	157161	202220	130130
EP	299312	182214	0	157161	204220	0
EP	299314	0	0	157161	204220	0
EP	307312	196214	0	157157	204204	130130
EP	299312	182214	191221	157161	202220	130130
EP	299314	182214	191223	157161	202220	148148
EP	299307	182192	195223	157161	204204	136136
EP	299299	182182	0	161161	220220	0
AL	299299	182182	0	161161	0	124124
AL	299299	182182	0	161161	220220	124124
AL	299299	182182	0	161161	228228	124124
AL	299299	182182	0	161161	220228	124124
AL	299299	182182	0	161161	220220	124124
AL	299299	182182	0	161161	220220	124132
AL	299299	182182	0	161161	222222	124124
AL	299299	182182	0	161161	220220	124136
EK	299299	182182	0	161161	220220	124124
EK	299299	182182	0	161161	220220	124124
EK	299299	182182	0	161161	220220	124136
EK	299299	182182	0	161161	220228	124124
EK	299299	182182	0	161161	220220	124124
EK	299299	182182	0	161161	220228	124136
EK	299299	182182	0	161161	220220	124124
EK	299299	182182	0	161161	220220	124124
EK	299299	182182	0	161161	220228	124124
EK	299299	182182	0	161161	220220	124124
EST	299299	182182	0	161161	220220	124124
EST	299299	182182	0	161161	220220	124126
EST	299299	182182	0	161161	220220	124124
EST	299299	182182	0	161161	220220	124124
EST	299299	182182	0	161161	220220	124124
SA	299299	182182	0	161161	224224	124136
SA	299299	182182	0	161161	220220	124124
SA	299299	182182	0	161161	220224	124128
SA	299299	182182	0	161161	220220	124128
SA	299299	182182	0	161161	220220	128128
SA	299299	182182	0	161161	220220	124124
SA	299299	182182	0	161161	220220	124136
SA	299299	182182	0	161161	220220	124124
SA	299299	182182	0	161161	220224	128136
SA	299299	182182	0	161161	220220	124124
SK	299299	182182	0	161161	220228	124124
SK	299299	182182	0	161161	220220	124124
SK	299299	182182	0	161161	220220	124124
SK	299299	182182	0	161161	220220	124124
SK	299299	182182	0	161161	220220	124124
SK	299299	182182	0	161161	220220	124124
SK	299299	182182	0	161161	214220	136136
SK	299299	182182	0	161161	220220	124136
SK	299299	182182	0	161161	220220	124124
SK	299299	182182	0	161161	220220	124124
SK	299299	182182	0	161161	220220	136136
SK	299299	182182	0	161161	220220	124124
SK	299299	182182	0	161161	220222	124124
SK	299299	182182	0	161161	0	124124
SK	299299	182182	0	161161	220220	124124
SK	299299	182182	0	161161	220220	124124
SK	299299	182182	0	161161	220220	124124
SK	299299	182182	0	161161	220224	124124
SK	299299	182182	0	161161	220220	124124
SK	299299	182182	0	161161	0	124124
SK	299299	182182	0	161161	220220	124124
TU	299299	182182	0	161161	220222	124136
TU	299299	182182	0	161161	220222	124124
TU	299299	182182	0	161161	220222	124136
TU	299299	182182	0	161161	220220	124124
TU	299299	182182	0	161161	220220	124124
TU	299299	182182	0	161161	220220	124124
TU	299299	182182	0	161161	220220	124124
TU	299299	182182	0	161161	222222	124136
TU	299299	182182	0	161161	220220	128128
TU	299299	182182	0	161161	220220	124128
TU	299299	182182	0	161161	220224	124128
TU	299299	182182	0	161161	220220	124136
TU	299299	182182	0	161161	220220	124128
TU	299299	182182	0	161161	220220	124136
TU	299299	182182	0	161161	220220	124128
TU	299299	182182	0	161161	220220	124128
TU	299299	182182	0	161161	220220	124128
TU	299299	182182	0	161161	220224	128136
TU	299299	182182	0	161161	220220	124128
TU	299299	182182	0	161161	220220	124124
STEC	299299	182182	221221	161161	222222	140140
STEC	299299	182182	221221	161161	222222	140140
STEC	299299	182182	221221	161161	222222	140140
STEC	299299	182182	221221	161161	222222	140140
STEC	299299	182182	221221	161161	222222	140140
STEC	299299	182182	221221	161161	222222	140140
STEC	299299	182182	221221	161161	220222	140140
STEC	299299	182182	221221	161161	222222	140140
STEC	299299	182182	221221	161161	222222	140140
STEC	299299	182182	221221	161161	222222	140140
STEC	299299	182182	221221	161161	222222	140140
STEC	299299	182182	221221	161161	222222	140140
STEC	299299	182182	221221	161161	222222	140140
STEC	299299	182182	221221	161161	222222	124140
STEC	299299	182182	221221	161161	222224	140140
STEC	299299	182182	221221	161161	222222	140140
STEC	299299	182182	221221	161161	222222	124140
STEC	299299	182182	221221	161161	222222	140140
STEC	299299	182182	221221	161161	222222	140140
STEC	299299	182182	221221	161161	220222	140140
STEC	299299	182182	221221	161161	222222	140140
STEC	299299	182182	221221	161161	222222	140140
STEC	299299	182182	221221	161161	222222	140140
STEC	299299	182182	221221	161161	222222	140140
STEC	299299	182182	221221	161161	222222	140140
STEC	299299	182182	221221	161161	222222	140140
STEC	299299	182182	221221	161161	220220	140140
STEC	299299	182182	221221	161161	222222	140140
STEC	299299	182182	221221	161161	222222	124140
STEC	299299	182182	221221	161161	222222	140140
STEC	299299	182182	221221	161161	222222	140140
STYV	299299	182182	223223	161161	220220	124124
STYV	299299	182182	223223	161161	220220	124124
STYV	299299	182182	221223	161161	220222	124124
STYV	299299	182182	221223	161161	220220	124124
STYV	299299	182182	223223	161161	220220	124124
STYV	299299	182182	0	161161	220202	124124
STYV	299299	182182	0	161161	0	0
STYV	299299	182182	0	161161	0	0
STYV	299299	182182	221223	161161	220220	124124
STYV	299299	182182	223223	161161	220220	124124
STYV	299299	182182	221223	161161	220220	124124
STYV	299299	182182	223223	161161	220222	124124
STYV	299299	182182	223223	161161	222222	124124
STYV	299299	182182	0	161161	0	0
STYV	299299	182182	221223	161161	220220	124124
STYV	299299	182182	223223	161161	220222	124124
STYV	299299	182182	223223	161161	220222	124124
STYV	299299	182182	223223	161161	220220	124124
STYV	299299	182182	221223	161161	222222	124124
STYV	299299	182182	223223	161161	220222	124124
STYV	299299	182182	221223	161161	220220	124124
STYV	299299	182182	223223	161161	220220	124124
STYV	299299	182182	223223	161161	220222	124124
STYV	299299	182182	223223	161161	228228	124124
STYV	299299	182182	223223	161161	220220	124124
STYV	299299	182182	223223	161161	220222	124124
STYV	299299	182182	223223	161161	220224	124124
STYV	299299	182182	221223	161161	220220	124124
STYV	299299	182182	221223	161161	220220	124124
KAP	299299	182182	221221	161161	224224	124124
KAP	299299	182182	221221	161161	0	124124
KAP	299299	182182	221221	161161	0	124124
KAP	299299	182182	221221	161161	0	124124
KAP	299299	182182	221221	161161	0	124124
KAP	299299	182182	221221	161161	0	124124
KAP	299299	182182	221221	161161	224224	124124
KAP	299299	182182	221221	161161	0	124124
KAP	299299	182182	221221	161161	0	124124
KAP	299299	182182	221221	161161	0	124124
KAP	299299	182182	221221	161161	0	124124
UKR	299299	182182	221223	161161	220220	124124
UKR	299299	182182	221221	161161	220220	124124
UKR	299299	182182	221221	161161	228228	124124
UKR	299299	182182	221223	161161	220220	124124
UKR	299299	182182	221223	161161	220220	124124
UKR	299299	182182	219219	161161	228228	124124
UKR	299299	182182	219221	161161	222228	124124
EST2	299299	182182	221221	161161	0	124124
EST2	299299	182182	221221	161161	0	124124
EST2	299299	182182	221223	161161	0	124124
EST2	299299	182182	221221	161161	0	124124
EST2	299299	182182	221221	161161	0	124124
EST2	299299	182182	221223	161161	220220	124124
GFP2	299299	182182	221221	161161	220220	136136
GFP2	299299	182182	221221	161161	220220	136136
GFP2	299299	182182	221221	161161	220220	124124
GFP2	299299	182182	221221	161161	220220	136136
GFP2	299299	182182	221221	161161	220220	136136
GFP2	299299	182182	221221	161161	220220	124136
GFP2	299299	182182	221221	161161	220220	124124
GFP2	299299	182182	221221	161161	220220	136136
GODO	299299	182182	215215	161161	202208	124124
GODO	299299	182182	229229	161161	202210	124124
GODO	311311	0	199207	157157	202202	132132
GODO	299311	182182	207229	157161	202202	132132
GODO	299311	182182	199229	157161	202210	132132
GODO	299311	182182	199229	157161	202210	132132
GODO	299311	182182	199229	157161	202202	132132
GODO	299311	182182	207229	157161	202202	132132
GODO	299311	182214	199215	157161	202202	132132
HOLT	299299	182182	221223	161161	220220	136136
HOLT	299299	182182	221221	161161	220220	136136
HOLT	299299	182182	221223	161161	220220	136136
HOLT	299299	182182	221221	161161	220220	136136
HOLT	299311	182214	195221	157161	204220	124124
HOLT	299299	182182	221221	161161	220220	124124
HOLT	299311	182214	195221	157161	204220	124124
HOLT	299301	182182	191223	157161	204220	130130
HOLT	299311	182214	195223	157161	204220	124124
HOLT	299311	182214	195221	157161	204220	124124
HOLT	299299	182214	199221	161161	204220	136136
HOLT	299299	182182	221223	161161	220220	124136
HOLT	299299	182182	221223	161161	220220	124124
HOLT	299299	182182	221221	161161	220220	136136
HOLT	299299	182182	221223	161161	220220	136136
HOLT	299299	182182	223223	161161	220220	136136
HOLT	299299	182182	221223	161161	220220	136136
HOLT	299299	182182	221223	161161	220220	136136
HOLT	299299	182182	221221	161161	220220	136136
HOLT	299299	182182	221221	161161	220220	124136
HOLT	299299	182182	221223	161161	220220	124136
HOLT	299299	182182	221223	161161	220220	136136
HOLT	299299	182182	221223	161161	220220	136136
HOLT	299299	182182	221223	161161	220220	136136
OU	299299	182182	221221	161161	220220	124136
OU	299299	182182	221221	161161	220220	136136
OU	299299	182182	221221	161161	220228	124124
OU	299299	182182	221221	161161	220220	124136
OU	299299	182182	221221	161161	220220	124136
OU	299299	182182	221221	161161	220220	124124
OU	299299	182182	221221	161161	220228	124136
OU	299299	182182	221221	161161	220220	124124
OU	299299	182182	221223	161161	220220	124124
PRO	299299	182182	213221	161161	216216	122122
PRO	299299	182182	191191	161161	216216	124124
PRO	299299	182182	191191	161161	216216	122122
PRO	299299	182182	191213	161161	216216	122124
PRO	299299	182182	191213	161161	216216	122122
PRO	299299	182182	213213	161161	216216	122122
PRO	299299	182182	191213	161161	216216	122124
PRO	299299	182182	191213	161161	216216	122124
PRO	299299	182182	191213	161161	216216	122124
PRO	299299	182182	191221	161161	216216	124124
RAIL	299299	182182	221221	161161	220220	136136
RAIL	299299	182182	221221	161161	220220	136136
RAIL	299299	182182	221221	161161	220220	124124
RAIL	299299	182182	221221	161161	220220	124136
RAIL	299299	182182	221221	161161	220220	124136
RAIL	299299	182182	221221	161161	220220	124136
RAIL	299299	182182	221221	161161	220220	136136
RAIL	299299	182182	221221	161161	220220	124136
RAIL	299299	182182	221221	161161	220220	136136
RAIL	299299	182182	221221	161161	220220	124124
RAIL	299299	182182	221221	161161	220220	124136
RAIL	299299	182182	221221	161161	220220	124136
RAIL	299299	182182	221221	161161	220220	136136
RAIL	299299	182182	221221	161161	220220	136136
RAIL	299299	182182	221221	161161	220220	124136
RAIL	299299	182182	221221	161161	220220	136136
RAIL	299299	182182	221221	161161	220220	136136
RAIL	299299	182182	221221	161161	220220	136136
RAIL	299299	182182	221221	161161	220220	136136
RAIL	299299	182182	221221	161161	220220	124124
GOT	299299	182182	221221	161161	220220	124124
GOT	299299	182182	219219	161161	220224	124124
GOT	299299	182182	219219	161161	220220	124124
GOT	299299	182182	221221	161161	220220	124124
GOTH	299299	182182	0	161161	220220	124124
GOTH	299307	182214	0	157161	204204	130130
GOTH	299334	182182	0	157161	204220	130132
GOTH	299301	182208	0	157161	204222	124134
GOTH	301301	214214	0	157157	204204	130134
GOTH	299307	182214	0	157161	204220	130132
GOTH	299334	182214	0	157161	204222	130132
KRA	299299	182182	221221	161161	220220	124124
KRA	299299	182182	219219	161161	220224	124124
KRA	299299	182182	221221	161161	220220	124124
KRA	0	182182	0	161161	220220	124124
KRA	299299	182182	221223	161161	220220	124136
KRA	299299	182182	223223	161161	220224	124124
LAS	321325	182190	0	157157	204204	126130
LAS	301305	182192	0	157157	204204	126126
LAS	301305	190194	0	157157	204208	132138
LAS	301325	182194	0	157157	204204	132138
LAS	307307	182200	0	157157	204208	126138
LAS	311325	212212	0	157157	204204	134138
LAS	301305	202202	0	157157	202212	126134
LAS	307307	200214	0	157157	204204	126150
V	299299	182182	0	161161	202202	124134
V	299299	182182	0	161161	202212	124124
V	299299	182182	0	161161	202210	124132
V	299299	182182	0	161161	206208	124124
V	299299	182182	0	161161	202208	124124
V	299299	182182	0	161161	210210	124124
V	299299	182182	0	161161	0	124124
V	299299	182182	0	161161	210210	124124
V	299299	182182	0	161161	202208	124124
V	299299	182182	0	161161	202202	124124
H1O	301301	194212	0	157157	204204	130138
H1O	301301	194212	0	157157	204204	126136
H1O	299301	182214	0	157161	204204	124124
H1O	301301	194212	0	157157	204204	130138
H1O	301301	194212	0	157157	204204	130138
H1O	301301	194212	0	157157	204204	128138
H1O	301301	194212	0	157157	204204	130138
H1O	299301	182208	0	157161	204204	124128
H1O	301301	194212	0	157157	204204	130138
H2K	299299	182182	0	161161	202214	124134
H2K	299299	182182	0	161161	202208	124124
H2K	299299	182182	0	161161	208208	124124
H2K	299299	182182	0	161161	202202	124124
H2K	0	182182	0	161161	0	124124
H2K	299299	182182	0	161161	202212	124124
H2K	299299	182182	0	161161	202202	124124
H2K	299299	182182	0	161161	208214	124126
H2K	299299	182182	0	161161	212212	124124
H2K	299299	182182	0	161161	202202	124124
H2K	299299	182182	0	161161	210210	124124
H2K	0	182182	0	161161	0	0
H2K	299299	182182	0	161161	202210	124124
H2K	299299	182182	0	161161	202202	0
H2K	299299	182182	0	161161	202208	124124
H2K	299299	182182	0	161161	208208	124126
COP	299299	182182	0	161161	220220	124136
COP	299299	182182	0	161161	220220	124136
COP	299299	182182	0	161161	220224	122124
COP	299299	182182	0	161161	220220	124136
COP	299299	182182	0	161161	220220	124124
COP	299299	182182	0	161161	220220	124124
COP	299299	182182	0	161161	220220	124124
COP	299299	182182	0	161161	220220	124136
COP	299299	182182	0	161161	220220	124136
COP	299299	182182	0	161161	220220	124136
COP	299299	182182	0	161161	220220	124124
COP	299299	182182	0	161161	124124	0
OBY	299299	182182	0	161161	220220	124124
OBY	299299	182182	0	161161	220220	124124
OBY	299299	182182	0	161161	220220	124124
OBY	299299	182182	0	161161	220220	124124
OBY	299299	182182	0	161161	220220	124124
OBY	299299	182182	0	161161	222222	124124
OBY	299299	182182	0	161161	220220	124124
OBY	299299	182182	0	161161	222222	124124
OBY	299299	182182	0	161161	220220	124124
OBY	299299	182182	0	161161	220220	124124
OBY	299299	182182	0	161161	220220	124124
OBY	299299	182182	0	161161	220220	124124
OBY	299299	182182	0	161161	220220	124124
OBY	299299	182182	0	161161	124124	0
PED	299299	182182	0	161161	220220	128136
PED	299299	182182	0	161161	220220	124128
PED	299299	182182	0	161161	220220	124124
PED	299299	182182	0	161161	220220	122122
PED	299299	182182	0	161161	220220	124124
PED	299299	182182	0	161161	220220	124124
PED	299299	182182	0	161161	220220	128128
PED	299299	182182	0	161161	220220	124128
PED	299299	182182	0	161161	220220	124128
PED	299299	182182	0	161161	220220	128136
PED	299299	182182	0	161161	220220	124124
PED	299299	182182	0	161161	220220	136136
PED	299299	182182	0	161161	220220	124124
PED	299299	182182	0	161161	220220	124124
TROM	299299	182182	0	161161	220220	124124
TROM	299299	182182	0	161161	220220	124124
TROM	299299	182182	0	161161	220220	124124
TROM	299299	182182	0	161161	220220	124124
TROM	299299	182182	0	161161	220220	124124
TROM	299299	182182	0	161161	220220	124124
TROM	299299	182182	0	161161	220220	124124
TROM	299299	182182	0	161161	220220	124124
TROM	299299	182182	0	161161	220220	124124
TROM	299299	182182	0	161161	220220	124124
TROM	299299	182182	0	161161	220220	124124
TROM	299299	182182	0	161161	220220	124124
TROM	299299	182182	0	161161	220220	124124
TROM	299299	182182	0	161161	220220	124124
TROM	299299	182182	0	161161	220220	124124
TROM	299299	182182	0	161161	220220	124124
WEN	299299	182182	0	161161	220220	124124
WEN	299299	182182	0	161161	220224	124124
WEN	299299	182182	0	161161	224224	124124
WEN	299299	182182	0	161161	124124	0
WEN	299299	182182	0	161161	220220	124124
WEN	299299	182182	0	161161	220220	124124
WEN	299299	182182	0	161161	220220	124124
WEN	299299	182182	0	161161	224224	124124
WEN	299299	182182	0	161161	124124	0
WEN	299299	182182	0	161161	220224	124124
WEN	299299	182182	0	161161	224224	124124
WEN	299299	182182	0	161161	224224	124124
WEN	299299	182182	0	161161	220220	124124
WEN	299299	182182	0	161161	220224	124124
WEN	299299	182182	0	161161	220224	124124
WEN	299299	182182	0	161161	220220	124124
GAM	299299	182182	0	161161	220220	124136
GAM	299299	182182	0	161161	220220	124124
GAM	299299	182182	0	161161	220220	124124
GAM	299299	182182	0	161161	220220	124124
GAM	299299	182182	0	161161	220220	128136
GAM	299299	182182	0	161161	220220	0
GAM	299299	182182	0	161161	220220	0
GAM	299299	182182	0	161161	220220	124136
GAM	299299	182182	0	161161	220220	124136
GAM	299299	182182	0	161161	220220	124136
GAM	299299	182182	0	161161	220220	124136
GAM	299299	182182	0	161161	220220	124136
GAM	299299	182182	0	161161	220220	124136
GAM	299299	182182	0	161161	220220	124136
BOR	299299	182182	0	161161	220224	124136
BOR	299299	182182	0	161161	222224	124136
BOR	299299	182182	0	161161	220224	124136
BOR	299299	182182	0	161161	224224	124124
BOR	299299	182182	0	161161	220224	124128
DTC	299299	182182	0	161161	210214	124124
DTC	299299	182182	0	161161	208214	124124
DTC	299299	182182	0	161161	202210	124124
DTC	299299	0	0	161161	208210	0
DTC	299299	182182	0	161161	208208	124124
DTC	299299	182182	0	161161	202208	124124
