63	6	334	3			
GF1						
GF17						
GF29						
MFW2						
J7						
Ca07						
BOK	299299	182182	221221	161161	220220	136136
BOK	299299	182182	221221	161161	220220	136136
BOK	299299	182182	221223	161161	220220	136136
BOK	299299	182182	221221	161161	220220	136136
BOK	299299	182182	223223	161161	220220	136136
BOK	299299	182182	221221	161161	220220	136136
BOK	299299	182182	221223	161161	220220	136136
BOK	299299	182182	221221	161161	220220	136136
BOK	299299	182182	221221	161161	220220	136136
BOK	299299	182182	221221	161161	220220	136136
BOK	299299	182182	221221	161161	220220	136136
BOK	299299	182182	221223	161161	220220	136136
BOK	299299	182182	221223	161161	220220	136136
BOK	299299	182182	221221	161161	220220	136136
MVW	299299	182182	221221	161161	220220	136136
MVW	299299	182182	221221	161161	220220	136136
MVW	299299	182182	221223	161161	220220	136136
MVW	299299	182182	221223	161161	220220	136136
MVW	299299	182182	221221	161161	220220	136136
MVW	299299	182182	221221	161161	220220	136136
MVW	299299	182182	221223	161161	220220	136136
MVW	299299	182182	221221	161161	220220	136136
MVW	299299	182182	221221	161161	220220	136136
MVW	299299	182182	221221	161161	220220	136136
MVW	299299	182182	221221	161161	220220	136136
MVW	299299	182182	221221	161161	220220	136136
MVWZ	299299	182182	221221	161161	220220	136136
MVWZ	299299	182182	221221	161161	220220	136136
MVWZ	299299	182182	221221	161161	220220	136136
MVWZ	299299	182182	221223	161161	220220	136136
MVWZ	299299	182182	221221	161161	220220	136136
MVWZ	299299	182182	221223	161161	220220	136136
MVWZ	299299	182182	221221	161161	220220	136136
MVWZ	299299	182182	221221	161161	220220	136136
MVWZ	299299	182182	221221	161161	220220	136136
OKB	299299	182182	221221	161161	220220	136136
OKB	299299	182182	221221	161161	220220	136136
OKB	299299	182182	221223	161161	220220	136136
OKB	299299	182182	221223	161161	220220	136136
C2016C	299299	182182	215223	161161	220220	124144
C2016C	299299	182182	215229	161161	220220	124124
C2016C	299299	182182	221223	161161	220220	124144
C2016C	299299	182182	215221	161161	220220	124136
C2016C	299299	182182	221223	161161	220220	144144
CCS	299299	182182	221221	161161	220220	136136
CCS	299299	182182	221223	161161	220220	136136
CCS	299299	182182	221223	161161	220220	136136
CCS	299299	182182	221223	161161	220220	136136
CCS	299299	182182	221221	161161	220220	136136
CCS	299299	182182	221223	161161	220220	136136
CCS	299299	182182	221221	161161	220220	136136
CCS	299299	182182	221223	161161	220220	136136
CCS	299299	182182	221223	161161	220220	136136
CCS	299299	182182	221223	161161	220220	136136
CCS	299299	182182	221223	161161	220220	136136
CCS	299299	182182	221223	161161	220220	136136
CCS	299299	182182	221221	161161	220220	136136
CCS	299299	182182	221223	161161	220220	136136
CCS	299299	182182	221221	161161	220220	136136
CCS	299299	182182	221223	161161	220220	136136
CCS	299299	182182	221221	161161	220220	136136
CCS	299299	182182	221221	161161	220220	136136
CCS	299299	182182	221221	161161	220220	136136
CCS	299299	182182	221221	161161	220220	136136
CCS	299299	182182	221221	161161	220220	136136
CCS	299299	182182	221221	161161	220220	136136
CCS	299299	182182	221221	161161	220220	136136
CCS	299299	182182	221221	161161	220220	136136
CCS	299299	182182	221221	161161	220220	136136
CCS	299299	182182	221223	161161	220220	136136
CCS	299299	182182	221221	161161	220220	136136
CCS	299299	182182	221221	161161	220220	136136
CCS	299299	182182	221221	161161	220220	136136
CCS	299299	182182	221221	161161	220220	136136
FFF	299299	182182	221221	161161	220220	136136
FFF	299299	182182	221221	161161	220220	136136
FFF	299299	182182	221221	161161	220220	136136
FFF	299299	182182	221221	161161	220220	136136
TL	299299	182182	221221	161161	220220	136136
TL	299299	182182	221223	161161	220220	136136
TL	299299	182182	221221	161161	220220	136136
TL	299299	182182	221223	161161	220220	124136
TL	299299	182182	221223	161161	220220	124136
TL	299299	182182	221223	161161	220220	136136
TL	299299	182182	221223	161161	220220	124136
TL	299299	182182	221223	161161	220220	136136
TL	299299	182182	223223	161161	220220	136136
TL	299299	182182	221221	161161	220220	136136
TL	299299	182182	221221	161161	220220	136136
TL	299299	182182	221223	161161	220220	124136
TL	299299	182182	221221	161161	220220	136136
TL	299299	182182	221221	161161	220220	136136
TL	299299	182182	221223	161161	220220	136136
TL	299299	182182	221221	161161	220220	124136
TL	299299	182182	221223	161161	220220	136136
TL	299299	182182	221223	161161	220220	136136
TL	299299	182182	221221	161161	220220	136136
TL	299299	182182	221221	161161	220220	136136
NLP	299299	182182	221221	161161	220220	124124
NLP	299299	182182	221221	161161	220220	124126
NLP	299299	182182	221221	161161	220220	124124
NLP	299299	182182	221221	161161	220220	124124
NLP	299299	182182	221221	161161	220220	124124
NLP	299299	182182	221221	161161	220220	124124
NLP	299299	182182	221221	161161	220220	124124
NLP	299299	182182	221221	161161	220220	124124
NLP	299299	182182	221221	161161	220220	124124
NLP	299299	182182	221221	161161	220220	124124
NLP	299299	182182	221221	161161	220220	124124
NLP	299299	182182	221221	161161	220220	124124
NLP	299299	182182	221221	161161	220220	124124
NLP	299299	182182	221221	161161	220220	124124
NLP	299299	182182	221221	161161	220220	124124
NLP	299299	182182	221221	161161	220220	124124
NLP	299299	182182	221221	161161	220220	124124
NLP	299299	182182	221221	161161	220220	124124
NLP	299299	182182	221221	161161	220220	124124
NLP	299299	182182	221221	161161	220220	124124
NLP	299299	182182	221221	161161	220220	124124
NLP	299299	182182	221221	161161	220220	124124
NLP	299299	182182	221221	161161	220220	124124
NLP	299299	182182	221221	161161	220220	124124
NLP	299299	182182	221221	161161	220220	124124
NLP	299299	182182	221221	161161	220220	124124
NLP	299299	182182	221221	161161	220220	124124
NLP	299299	182182	221221	161161	220220	124124
NLP	299299	182182	221221	161161	220220	124124
NLP	299299	182182	221221	161161	220220	124124
NLP	299299	182182	221221	161161	220220	124124
NLP	299299	182182	221221	161161	220220	124124
NLP	299299	182182	221221	161161	220220	124124
NLP	299299	182182	221221	161161	220220	124124
NLP	299299	182182	221221	161161	220220	124124
NLP	299299	182182	221221	161161	220220	124124
NLP	299299	182182	221221	161161	220220	124124
NLP	299299	182182	221221	161161	220220	124124
MY	299299	182182	221221	161161	228228	124124
MY	299299	182182	223223	161161	228228	124126
MY	299299	182182	221221	161161	220228	124124
MY	299299	182182	221223	161161	228228	124130
MY	299299	182182	221223	161161	228228	126130
MY	299299	182182	221221	161161	228228	124124
MY	299299	182182	221221	161161	228228	124128
MY	299299	182182	221223	161161	228228	124124
MY	299299	182182	221221	161161	228228	124124
MY	299299	182182	221221	161161	228228	124124
MY	299299	182182	221223	161161	228228	126126
MY	299299	182182	221221	161161	228228	126132
MY	299299	182182	221221	161161	228228	124124
MY	299299	182182	221221	161161	220228	124124
MY	299299	182182	221223	161161	228228	128138
MY	299299	182182	221221	161161	228228	124130
MY	299299	182182	221223	161161	228228	124124
MY	299299	182182	221223	161161	228228	124124
MY	299299	182182	221221	161161	228228	124126
MY	299299	182182	221221	161161	228228	124124
MY	299299	182182	221221	161161	220228	124124
MY	299299	182182	221221	161161	228228	124124
MY	299299	182182	221221	161161	220228	124124
MY	299299	182182	221221	161161	228228	124124
MY	299299	182182	221223	161161	228228	126130
MY	299299	182182	221223	161161	220228	126130
MY	299299	182182	221223	161161	228228	126130
MY	299299	182182	221221	161161	228228	126130
MY	299299	182182	221223	161161	228228	126130
MY	299299	182182	221223	161161	228228	124130
GFP	299299	182182	221221	161161	220220	124130
GFP	299299	182182	221221	161161	220220	0
GFP	299299	182182	221221	161161	220220	0
GFP	299299	182182	221221	161161	220220	136136
GFP	299299	182182	221221	161161	220220	0
GFP	299299	182182	221221	161161	220220	136136
GFP	299299	182182	221221	161161	220220	130132
GFP	299299	182182	221221	161161	220220	0
GFP	299299	182182	221221	161161	220220	136136
GFP	299299	182182	221221	161161	220220	136136
GFP	299299	182182	221221	161161	220220	128132
GFP	299299	182182	221221	161161	220220	136136
GFP	299299	182182	221221	161161	220220	136136
GFP	299299	182182	221221	161161	220220	124136
GFP	299299	182182	221221	161161	220220	130130
GFP	299299	182182	221221	161161	220220	136136
GFP	299299	182182	221221	161161	220220	136136
GFP	299299	182182	221221	161161	220220	124124
GFP	299299	182182	221221	161161	220220	132132
GFP	299299	182182	221221	161161	0	0
GFP	299299	182182	221221	161161	220220	132136
GFP	299299	182182	221221	161161	220220	120136
GFP	299299	182182	221221	161161	220220	124132
GFP	299299	182182	0	161161	0	124124
GFP	299299	182182	221221	161161	220220	136136
GFP	299299	182182	221221	161161	220220	126136
GFP	299299	182182	221221	161161	220220	126136
GFP	299299	182182	223223	161161	220220	124136
GFP	299299	182182	223223	161161	220220	124124
GFP	299299	182182	223223	161161	220220	136136
GFP	299299	182182	223223	161161	220220	132136
GFP	299299	182182	223223	161161	220220	136136
GFP	299299	182182	223223	161161	220220	136128
GFP	299299	182182	221221	161161	220220	136136
GFP	299299	182182	223223	161161	220220	136136
GFP	299299	182182	223223	161161	220220	136136
GFP	299299	182182	221223	161161	220220	124124
GFP	299299	182182	223223	161161	220220	136136
GFP	299299	182182	223223	161161	220220	136136
VIIKCA	299299	182182	221221	161161	228228	124124
VIIKCA	299299	182182	221221	161161	0	124124
VIIKCA	299299	182182	221221	161161	220220	124124
VIIKCA	299299	182182	221223	161161	220220	124124
VIIKCA	299299	182182	221223	161161	220220	124124
VIIKCA	299299	182182	221223	161161	0	124124
VIIKCA	299299	182182	221223	161161	220220	124124
VIIKCA	299299	182182	221223	161161	220220	124124
VIIKCA	299299	182182	221221	161161	228228	124128
VIIKCA	299299	182182	221223	161161	220220	124124
VIIKCA	299299	182182	221223	161161	220220	124124
VIIKCA	299299	182182	221223	161161	0	124124
VIIKCA	299299	182182	221223	161161	220220	124124
VIIKCA	299299	182182	221221	161161	220220	124124
VIIKCA	299299	182182	221221	161161	220220	124128
VIIKCA	299299	182182	221221	161161	0	124124
VIIKCA	299299	182182	0	161161	0	124124
VIIKCA	299299	182182	0	161161	220220	124124
VIIKCA	299299	182182	0	161161	220220	124124
VIIKCA	299299	182182	221223	161161	220220	124124
VIIKCA	299299	182182	221221	161161	220220	124124
VIIKCA	299299	182182	0	161161	220220	124124
VIIKCA	299299	182182	221223	161161	218218	124124
VIIKCA	299299	182182	0	161161	218220	124124
VIIKCA	299299	182182	0	161161	220228	124124
VIIKCA	299299	182182	221223	161161	220220	124124
VIIKCA	299299	182182	221221	161161	0	124124
VIIKCA	299299	182182	221223	161161	0	124124
VIIKCA	299299	182182	221221	161161	220220	124128
VIIKCA	299299	182182	221221	161161	220220	124124
VIIKCA	299299	182182	223223	161161	220220	124124
VIIKCA	299299	182182	221223	161161	220220	124124
VIIKCA	299299	182182	0	161161	220220	124124
CAKE	299299	182182	221221	161161	220220	124124
CAKE	299299	182182	221221	161161	220220	124138
CAKE	299299	182182	221223	161161	220220	136136
CAKE	299299	182182	221223	161161	220220	124136
CAKE	299299	182182	221221	161161	220220	124124
CAKE	299299	182182	221223	161161	220220	136136
CAKE	299299	182182	221223	161161	220220	138138
CAKE	299299	182182	223223	161161	220220	138138
CAKE	299299	182182	221223	161161	220220	124136
CAKE	299299	182182	221221	161161	220220	124136
CAKE	299299	182182	221221	161161	220220	136136
CAKE	299299	182182	221223	161161	220220	124124
CAKE	299299	182182	223223	161161	220220	124124
CAKE	299299	182182	221223	161161	220220	136136
CAKE	299299	182182	221223	161161	220224	124136
CAKE	299299	182182	221221	161161	220220	136136
CAKE	299299	182182	221223	161161	220220	136136
CAKE	299299	182182	223223	161161	220220	124136
CAKE	299299	182182	221223	161161	220220	138138
CAKE	299299	182182	223223	161161	220220	124136
CAKE	299299	182182	221221	161161	220220	124136
CAKE	299299	182182	223223	161161	220220	124136
CAKE	299299	182182	221221	161161	220220	124138
CAKE	299299	182182	221223	161161	220220	124136
CAKE	299299	182182	221223	161161	220220	124124
CAKE	299299	182182	221223	161161	220220	136136
CAKE	299299	182182	223223	161161	220220	124138
CAKE	299299	182182	221223	161161	220220	138138
CAKE	299299	182182	223223	161161	220220	124136
CALK	299299	182182	221221	161161	220220	124124
CALK	299299	182182	221221	161161	220220	124124
CALK	299299	182182	221221	161161	220220	124124
CALK	299299	182182	0	161161	220220	124124
CALK	299299	182182	221221	161161	220220	124124
CALK	299299	182182	221221	161161	220220	124124
CALK	299299	182182	221221	161161	220220	124124
CALK	299299	182182	221221	161161	220220	124124
CALK	299299	182182	221221	161161	220220	124124
CALK	299299	182182	221221	161161	220220	124124
CALK	299299	182182	221221	161161	220220	124124
CALK	299299	182182	0	161161	220220	124124
CALK	299299	182182	221221	161161	220220	124124
CALK	299299	182182	221221	161161	220220	124124
CALK	299299	182182	221221	161161	220220	124124
CALK	299299	182182	221221	161161	220220	124124
CALK	299299	182182	221221	161161	220220	124124
CALK	299299	182182	221221	161161	220220	124124
CALK	299299	182182	221221	161161	220220	124124
CALK	299299	182182	0	161161	220220	124124
CALK	299299	182182	0	161161	220220	124124
CALK	299299	182182	221221	161161	220220	124124
CALK	299299	182182	221221	161161	220220	124124
CALK	299299	182182	221221	161161	220220	124124
CALK	299299	182182	221221	161161	220220	124124
CALK	299299	182182	221221	161161	220220	124124
CALK	299299	182182	221221	161161	220220	124124
CALK	299299	182182	221221	161161	220220	124124
CALK	299299	182182	0	161161	220220	124124
CALK	299299	182182	221221	161161	220220	124124
CALK	299299	182182	221221	161161	220220	124124
CALK	299299	182182	221221	161161	220220	124124
CALK	299299	182182	221221	161161	220220	124124
CALK	299299	182182	221221	161161	220220	124124
CALK	299299	182182	221221	161161	220220	124124
CALK	299299	182182	221221	161161	220220	124124
CALK	299299	182182	221221	161161	0	124124
CALK	299299	182182	221221	161161	220220	124124
CALK	299299	182182	221221	161161	220220	124124
FFG	299299	182182	221223	161161	220220	136136
FFG	299299	182182	221223	161161	210220	124136
FFG	299299	182182	219221	161161	220220	136136
FFG	299299	182182	221223	161161	220220	136136
FFG	299299	182182	219221	161161	0	136136
FFG	299299	182182	221223	161161	220220	130136
FFG	299299	182182	221223	161161	210220	124130
FFG	299299	182182	0	161161	220220	130136
FFG	299299	182182	219221	161161	220220	136136
FFG	299299	182182	215221	161161	220224	130136
FFG	299299	182182	223223	161161	210210	124136
FFG	299299	182182	0	161161	220220	124124
FFG	299299	182182	0	161161	220220	124124
FFG	299299	182182	221223	161161	220224	124124
FFG	299299	182182	221223	161161	220224	124124
FFG	299299	182182	223223	161161	220220	136136
FFG	299299	182182	221223	161161	210220	124124
FFG	299299	182182	223223	161161	220220	124124
FFG	299299	182182	223223	161161	210220	136136
FFG	299299	182182	221223	161161	220220	124124
FFG	299299	182182	0	161161	220220	130136
FFG	299299	182182	221223	161161	220220	124130
FFG	299299	182182	215223	161161	220220	124136
FFG	299299	182182	221223	161161	220220	124136
FFG	299299	182182	215223	161161	220220	124136
GD	299299	182182	221221	161161	220220	124124
GD	299299	182182	221221	161161	220220	124124
GD	299299	182182	0	161161	220220	124124
GD	299299	182182	0	161161	220220	124124
GD	299299	182182	221221	161161	220220	124124
GD	299299	182182	221221	161161	220220	120124
GD	299299	182182	221221	161161	220220	124136
GD	299299	182182	221221	161161	220220	124124
GD	299299	182182	221226	161161	220220	124124
GD	299299	182182	0	161161	220220	124124
GD	299299	182182	221221	161161	220220	124124
GD	299299	182182	221221	161161	220220	124124
GD	299299	182182	221221	161161	220220	124124
GD	299299	182182	221221	161161	220220	124136
GD	299299	182182	221221	161161	220220	124136
GD	299299	182182	221223	161161	216216	124124
GD	299299	182182	0	161161	220220	124124
GD	299299	182182	221223	161161	220220	124136
GD	299299	182182	221223	161161	220220	136136
GD	299299	182182	221223	161161	220220	124124
GD	299299	182182	223223	161161	224224	124124
GD	299299	182182	221221	161161	220220	124124
GD	299299	182182	221221	161161	220220	124124
GD	299299	182182	221221	161161	220220	124124
GD	299299	182182	0	161161	220220	124124
GD	299299	182182	221221	161161	220220	124124
GD	299299	182182	0	161161	220220	124124
GD	299299	182182	221221	161161	220220	124124
GD	299299	182182	221221	161161	220220	124124
PRIM	299299	182182	221221	161161	220220	124132
PRIM	299299	182182	221221	161161	220228	124124
PRIM	299299	182182	223223	161161	220220	124138
PRIM	299299	182182	221221	161161	220220	132132
PRIM	299299	182182	221221	161161	220220	132136
PRIM	299299	182182	221221	161161	220220	136136
PRIM	299299	182182	221221	161161	220220	124136
PRIM	299299	182182	221223	161161	220220	136136
PRIM	299299	182182	223223	161161	220220	124136
PRIM	299299	182182	223223	161161	220220	124136
PRIM	299299	182182	221223	161161	214220	124136
PRIM	299299	182182	221223	161161	220220	124136
PRIM	299299	182182	221221	161161	220220	0
PRIM	299299	182182	223223	161161	220220	124136
PRIM	299299	182182	221221	161161	220220	124124
PRIM	299299	182182	223223	161161	220220	136136
PRIM	299299	182182	223223	161161	220220	132136
PRIM	299299	182182	221221	161161	220220	124136
PRIM	299299	182182	221221	161161	220220	136136
PRIM	299299	182182	0	161161	220220	124136
PRIM	299299	182182	221221	161161	220220	124132
PRIM	299299	182182	221223	161161	220220	124132
PRIM	299299	182182	223223	161161	220220	124124
PRIM	299299	182182	221223	161161	220220	124136
PRIM	299299	182182	221221	161161	220220	124124
PRIM	299299	182182	221223	161161	220220	124136
PRIM	299299	182182	221221	161161	220220	124136
PRIM	299299	182182	221223	161161	220220	136136
PRIM	299299	182182	221223	161161	220220	124124
PRIM	299299	182182	221223	161161	220220	132136
PRIM	299299	182182	221221	161161	220220	124132
PRIM	299299	182182	221221	161161	220220	124136
PRIM	299299	182182	221223	161161	220220	124136
PRIM	299299	182182	221223	161161	220220	124132
PRIM	299299	182182	221223	161161	220220	124124
PRIM	299299	182182	221221	161161	220220	124136
PRIM	299299	182182	221223	161161	220220	124132
PRIM	299299	182182	221221	161161	220220	124136
PRIM	299299	182182	221223	161161	220220	136136
PRIM	299299	182182	221221	161161	220220	136136
PRIM	299299	182182	221221	161161	220220	136136
PRIM	299299	182182	0	161161	220220	124136
PRIM	299299	182182	0	161161	220220	124136
PRIM	299299	182182	0	161161	220220	124136
PRIM	299299	182182	221221	161161	220220	136136
PRIM	297299	0	221221	161251	220220	0
PRIM	297299	0	221221	161251	220220	0
PRIM	297299	0	221221	161251	220220	0
PRIM	297299	0	221221	161161	220220	0
PRIM	297299	0	0	161251	220220	0
PRIM	297299	0	221221	161249	220220	0
PRIM	299299	0	221223	161161	220220	0
PRIM	297299	0	221254	161249	220220	0
PRIM	297299	0	223221	161161	220220	0
PRIM	297299	0	223223	161161	220220	0
PRIM	297299	0	221254	161253	220220	0
PRIM	297299	0	221221	161249	220220	0
PRIM	297299	0	221221	161253	220220	0
PRIM	297299	0	223223	161249	220220	0
PRIM	297299	0	221221	161251	220220	0
PRIM	299299	0	221223	161161	220220	0
ROPE	297299	0	221272	161233	220220	0
ROPE	297297	0	275275	161251	207220	0
ROPE	297299	0	221224	161251	205220	0
ROPE	297299	0	221278	161261	202220	0
SD	299299	182182	221221	161161	220220	124124
SD	299299	182182	221221	161161	220220	124136
SD	299299	182182	221221	161161	220220	124124
SD	299299	182182	0	161161	220220	124124
SD	299299	182182	0	161161	220220	124136
SD	299299	182182	221221	161161	220220	124124
SD	299299	182182	215215	161161	220220	124136
SD	299299	182182	221221	161161	220220	124124
SD	299299	182182	0	161161	220220	124136
SD	299299	182182	221221	161161	0	124124
SD	299299	182182	221221	161161	0	124136
SD	299299	182182	0	161161	220220	124124
SD	299299	182182	221221	161161	220220	124136
SD	299299	182182	221221	161161	220220	130132
SD	299299	182182	221221	161161	0	124136
SD	299299	182182	221221	161161	220220	136136
SD	299299	182182	221221	161161	220220	124124
SD	299299	182182	221221	161161	220220	124136
SD	299299	182182	221221	161161	0	136136
SD	299299	182182	221221	161161	220220	124124
SD	299299	0	0	161	0	122122
SD	299299	182182	0	161161	220220	124124
LUN	299299	182182	221223	161161	220224	136124
LUN	299299	182182	221223	161161	220220	124124
LUN	299299	182182	221221	161161	220220	124124
LUN	299299	182182	223223	161161	220224	124124
LUN	299299	182182	221221	161161	220224	124124
LUN	299299	182182	221221	161161	220224	128124
LUN	299299	182182	0	161161	220220	124124
LUN	299299	182182	223223	161161	220220	124124
LUN	299299	182182	221223	161161	220224	136124
LUN	299299	182182	221221	161161	220220	128124
LUN	299299	182182	221223	161161	220220	124124
LUN	299299	182182	221223	161161	220224	124122
LUN	299299	182182	221223	161161	220220	128124
LUN	299299	182182	221223	161161	220220	124124
LUN	299299	182182	223223	161161	220220	128124
LUN	299299	182182	219219	161161	220224	124124
LUN	299299	182182	221223	161161	220220	128124
LUN	299299	182182	223223	161161	220220	124124
LUN	299299	182182	221223	161161	220220	128124
LUN	299299	182182	223223	161161	220220	136128
LUN	299299	182182	221223	161161	220224	128124
LUN	299299	182182	221221	161161	220220	124124
LUN	299299	182182	221223	161161	220224	124124
LUN	299299	182182	221221	161161	224224	124124
LUN	299299	182182	221221	161161	220220	124124
LUN	299299	182182	223223	161161	220220	136124
LUN	299299	182182	0	161161	220224	124122
LUN	299299	182182	221221	161161	220224	124124
LUN	299299	182182	221223	161161	220220	124124
LUN	299299	182182	223223	161161	220224	128128
LUN	299299	182182	221223	161161	224224	136124
GR1	299299	182182	221221	161161	220220	124136
GR1	299299	182182	221221	161161	220220	124138
GR1	299299	182182	221223	161161	220220	136136
GR1	299299	182182	221223	161161	218218	126136
GR1	299299	182182	219221	161161	220220	124124
GR1	299299	182182	221223	161161	220220	136136
GR1	299299	182182	221223	161161	220220	136138
GR1	299299	182182	0	161161	220220	0
GR1	299299	182182	221223	161161	220220	124136
GR1	299299	182182	221221	161161	220220	124136
GR1	299299	182182	0	161161	220220	136136
GR1	299299	182182	221223	161161	220220	124138
GR1	299299	182182	0	161161	220220	124124
GR1	299299	182182	221223	161161	220220	136136
GR1	299299	182182	221223	161161	220224	124136
GR1	299299	182182	221223	161161	220220	136136
GR1	299299	182182	223223	161161	220220	124136
GR1	299299	182182	221223	161161	220220	136138
GR1	299299	182182	0	161161	220220	124136
GR1	299299	182182	221221	161161	220220	124136
GR1	299299	182182	223223	161161	220220	124136
GR1	299299	182182	221221	161161	220220	124138
GR1	299299	182182	221223	161161	220220	124136
GR1	299299	182182	221223	161161	220220	124124
GR1	299299	182182	221223	161161	220220	136136
GR1	299299	182182	0	161161	220220	136138
GR1	299299	182182	0	161161	220220	124136
GR1	299299	182182	0	161161	220220	136136
GR1	299299	182182	221223	161161	220220	124124
GR1	299299	182182	221221	161161	220220	124138
GR1	299299	182182	221223	161161	220220	124124
GR1	299299	182182	221223	161161	220220	136136
GR1	299299	182182	0	161161	220220	136136
GR1	299299	182182	0	161161	220220	136136
GR1	299299	182182	0	161161	220220	136138
GR1	299299	182182	0	161161	220220	124136
GR1	299299	182182	221221	161161	220220	124136
GR1	299299	182182	221221	161161	220220	136136
GR2	299299	182182	221221	161161	220220	124132
GR2	299299	182182	221221	161161	220228	124124
GR2	299299	182182	0	161161	220220	124138
GR2	299299	182182	0	161161	220220	132132
GR2	299299	182182	0	161161	220220	132136
GR2	299299	182182	0	161161	220220	136136
GR2	299299	182182	221221	161161	220220	124136
GR2	299299	182182	221223	161161	220220	136136
GR2	299299	182182	223223	161161	220220	124136
GR2	299299	182182	223223	161161	220220	124136
GR2	299299	182182	221223	161161	214220	124136
GR2	299299	182182	0	161161	220220	124136
GR2	299299	182182	221221	161161	220220	0
GR2	299299	182182	0	161161	220220	124136
GR2	299299	182182	221221	161161	220220	124124
GR2	299299	182182	221223	161161	220220	136136
GR2	299299	182182	223223	161161	220220	132136
GR2	299299	182182	0	161161	220220	124136
GR2	299299	182182	0	161161	220220	136136
GR2	299299	182182	0	161161	220220	124136
GR2	299299	182182	0	161161	220220	124132
GR2	299299	182182	221223	161161	220220	124124
GR2	299299	182182	221223	161161	220220	124136
GR2	299299	182182	221221	161161	220220	124124
GR2	299299	182182	0	161161	220220	124136
GR2	299299	182182	221221	161161	220220	124136
GR2	299299	182182	0	161161	220220	136136
GR2	299299	182182	0	161161	220220	124124
GR2	299299	182182	0	161161	220220	132136
GR2	299299	182182	221221	161161	220220	124132
GR2	299299	182182	221221	161161	220220	124136
GR2	299299	182182	221223	161161	220220	136136
GR2	299299	182182	221223	161161	220220	124132
GR2	299299	182182	0	161161	220220	124124
GR2	299299	182182	0	161161	220220	124136
GR2	299299	182182	0	161161	220220	124132
GR2	299299	182182	221221	161161	220220	124136
GR2	299299	182182	221223	161161	220220	136136
POLEN	299299	182182	221223	161161	220220	124136
POLEN	299299	182182	221221	161161	220220	124136
POLEN	299299	182182	221221	161161	220220	124124
POLEN	299299	182182	221221	161161	220220	124136
POLEN	299299	182182	221223	161161	220220	136136
POLEN	299299	182182	221223	161161	220220	124136
POLEN	299299	182182	221221	161161	220220	124136
POLEN	299299	182182	221223	161161	220220	124136
POLEN	299299	182182	221221	161161	220220	124136
POLEN	299299	182182	221221	161161	220220	124136
POLEN	299299	182182	221221	161161	220222	124124
POLEN	299299	182182	221221	161161	220220	124124
POLEN	299299	182182	221221	161161	220220	136136
POLEN	299299	182182	221223	161161	220220	136136
RM	299299	182182	221223	161161	220220	136136
RM	299299	182182	221221	161161	220220	136136
RM	299299	182182	221221	161161	220220	136136
RM	299299	182182	221223	161161	220220	124136
RM	299299	182182	221221	161161	220220	136136
RM	299299	182182	221223	161161	220220	136136
RM	299299	182182	221221	161161	220220	136136
RM	299299	182182	221221	161161	220220	136136
RM	299299	182182	221223	161161	220220	124124
RM	299299	182182	221221	161161	220220	124136
RM	299299	182182	223223	161161	220220	136136
RM	299299	182182	221223	161161	220220	136136
RM	299299	182182	221223	161161	220220	124136
RM	299299	182182	221221	161161	220220	124136
RM	299299	182182	221221	161161	220220	136136
RM	299299	182182	221223	161161	220220	136136
RM	299299	182182	221221	161161	220220	136136
RM	297299	0	221275	161253	208220	0
RM	297299	182182	221275	161257	220220	0
RM	299299	182182	221221	161161	220220	136136
RM	299299	182182	221221	161161	220220	136136
RM	297299	0	223282	161239	220220	0
RM	297297	0	254272	241249	208208	0
RM	297297	0	282272	239253	208220	0
RM	297297	0	254272	251251	208220	0
RM	297297	0	272272	265265	208208	0
RM	297297	0	254275	249257	208208	0
RM	297297	0	272275	249249	208208	0
RM	297297	0	272275	251251	208208	0
RM	299299	182182	221223	161161	220220	136136
RM	299299	182182	221221	161161	220220	124124
RM	299299	182182	223223	161161	220220	124136
RM	299299	182182	223223	161161	220220	124124
RM	299299	182182	221221	161161	220220	136136
RM	299299	182182	221221	161161	220220	136136
RM	299299	182182	221223	161161	220220	124136
RM	299299	182182	223223	161161	220220	124136
RM	299299	182182	221221	161161	220220	136136
RM	299299	182182	221221	161161	220220	136136
MOAT	299299	182182	0	161161	220220	124136
MOAT	299299	182182	0	161161	220220	136136
MOAT	299299	182182	0	161161	220220	124136
MOAT	299299	182182	0	161161	220220	124124
MOAT	299299	182182	0	161161	220220	124136
MOAT	299299	182182	0	161161	220220	136136
MOAT	299299	182182	0	161161	220220	124136
MOAT	299299	182182	0	161161	220220	124136
MOAT	299299	182182	0	161161	220220	124136
MOAT	299299	182182	0	161161	220220	124136
MOAT	299299	182182	0	161161	220220	124124
MOAT	299299	182182	0	161161	220220	124124
MOAT	299299	182182	0	161161	220220	124124
MOAT	299299	182182	0	161161	220220	124136
MOAT	299299	182182	0	161161	220220	124124
MOAT	299299	182182	0	161161	220220	124124
MOAT	299299	182182	0	161161	220220	124136
MOAT	299299	182182	0	161161	220220	124136
MOAT	299299	182182	0	161161	220220	124124
MOAT	299299	182182	0	161161	220220	124124
MOAT	299299	182182	0	161161	220220	136136
MOAT	299299	182182	0	161161	220220	124136
MOAT	299299	182182	0	161161	220220	124124
MOAT	299299	182182	0	161161	220220	124136
OST	299299	182182	0	161161	220220	124124
OST	299299	182182	0	161161	220220	124124
OST	299299	182182	0	161161	220220	124124
OST	299299	182182	0	161161	220220	124124
OST	299299	182182	0	161161	220220	124136
OST	299299	182182	0	161161	220220	124124
OST	299299	182182	0	161161	220220	124124
OST	299299	182182	0	161161	220220	124124
OST	299299	182182	0	161161	220220	124124
OST	299299	182182	0	161161	220220	124124
OST	299299	182182	0	161161	220220	124124
OST	299299	182182	0	161161	220220	124124
OST	299299	182182	0	161161	220222	124124
OST	299299	182182	0	161161	220220	124124
OST	299299	182182	0	161161	220220	124124
OST	299299	182182	0	161161	220220	124124
OST	299299	182182	0	161161	220220	124124
OST	299299	182182	0	161161	220220	124124
OST	299299	182182	0	161161	220220	124124
OST	299299	182182	0	161161	220220	124124
OST	299299	182182	0	161161	220222	124124
OST	299299	182182	0	161161	220220	0
OST	299299	182182	0	161161	220220	124124
OST	299299	182182	0	161161	220220	124124
OST	299299	182182	0	161161	220220	124124
OST	299299	182182	0	161161	220220	124124
OST	299299	182182	0	161161	220220	124124
OST	299299	182182	0	161161	220220	124124
OST	299299	182182	0	161161	220222	124124
OST	299299	182182	0	161161	220220	124124
BF	299299	182182	0	161161	220220	124124
BF	299299	182182	0	161161	220220	124136
BF	299299	182182	0	161161	220220	124136
BF	299299	182182	0	161161	220220	124124
BF	299299	182182	0	161161	220220	136136
BF	299299	182182	0	161161	220220	124124
BF	299299	182182	0	161161	220220	124124
BF	299299	182182	0	161161	220220	124136
BF	299299	182182	0	161161	220220	136136
BF	299299	182182	0	161161	220220	124124
BF	299299	182182	0	161161	220220	124136
BF	299299	182182	0	161161	220220	124136
BF	299299	182182	0	161161	220220	124124
BF	299299	182182	0	161161	220220	124136
BF	299299	182182	0	161161	220220	124124
BF	299299	182182	0	161161	220220	124124
BF	299299	182182	0	161161	220220	124124
BF	299299	182182	0	161161	220220	124124
BF	299299	182182	0	161161	220220	136136
BF	299299	182182	0	161161	220220	124136
BF	299299	182182	0	161161	220220	136136
BF	299299	182182	0	161161	220220	136136
BF	299299	182182	0	161161	220220	124124
BF	299299	182182	0	161161	220220	124136
BF	299299	182182	0	161161	220220	124136
BF	299299	182182	0	161161	220220	124136
BF	299299	182182	0	161161	220220	124136
BF	299299	182182	0	161161	220220	124136
BF	299299	182182	0	161161	220220	124136
BF	299299	182182	0	161161	220220	136136
BF	299299	182182	0	161161	220220	124136
BF	299299	182182	0	161161	220220	124136
BF	299299	182182	0	161161	220220	124124
BF	299299	182182	0	161161	220220	124136
BF	299299	182182	0	161161	220220	124124
BF	299299	182182	0	161161	220220	136136
BF	299299	182182	0	161161	220220	124124
BF	299299	182182	0	161161	220220	124136
BF	299299	182182	0	161161	220220	124136
OTOM	299299	182182	0	161161	220220	124136
OTOM	299299	182182	0	161161	220220	124136
OTOM	299299	182182	0	161161	220220	124136
OTOM	299299	182182	0	161161	220220	136136
OTOM	299299	182182	0	161161	220220	124124
OTOM	299299	182182	0	161161	220220	124136
OTOM	299299	182182	0	161161	220220	0
OTOM	299299	182182	0	161161	220220	124136
OTOM	299299	182182	0	161161	220220	136136
OTOM	299299	182182	0	161161	220220	136136
OTOM	299299	182182	0	161161	220220	136136
OTOM	299299	182182	0	161161	220220	136136
OTOM	299299	182182	0	161161	220220	136136
OTOM	299299	182182	0	161161	220220	124136
OTOM	299299	182182	0	161161	220220	124136
OTOM	299299	182182	0	161161	220220	136136
OTOM	299299	182182	0	161161	220220	124124
OTOM	299299	182182	0	161161	220220	136136
OTOM	299299	182182	0	161161	220220	124136
OTOM	299299	182182	0	161161	220220	136136
OTOM	299299	182182	0	161161	220220	124136
OTOM	299299	182182	0	161161	220220	136136
OTOM	299299	182182	0	161161	220220	136136
OTOM	299299	182182	0	161161	220220	136136
OTOM	299299	182182	0	161161	220220	136136
OTOM	299299	182182	0	161161	220220	136136
OTOM	299299	182182	0	161161	220220	136136
UMCA	299299	182182	0	161161	220220	124136
UMCA	299299	182182	0	161161	220220	124136
UMCA	299299	182182	0	161161	220220	124124
UMCA	299299	182182	0	161161	220220	124136
UMCA	299299	182182	0	161161	220220	124124
UMCA	299299	182182	0	161161	220220	124136
UMCA	299299	182182	0	161161	220220	124124
UMCA	299299	182182	0	161161	220220	136136
UMCA	299299	182182	0	161161	220220	124124
UMCA	299299	182182	0	161161	220220	136136
LMCA	299299	182182	0	161161	222222	124124
LMCA	299299	182182	0	161161	222222	124136
LMCA	299299	182182	0	161161	222222	124124
LMCA	299299	182182	0	161161	222222	124124
LMCA	299299	182182	0	161161	220222	124124
LMCA	299299	182182	0	161161	220220	124124
LMCA	299299	182182	0	161161	220220	124136
LMCA	299299	182182	0	161161	220220	124124
LMCA	299299	182182	0	161161	222222	124124
LMCA	299299	182182	0	161161	222222	124124
JAR	299299	182182	223223	161161	220220	132126
JAR	299299	182182	223223	161161	220220	132126
JAR	299299	182182	221223	161161	220220	130124
JAR	299299	182182	221223	161161	220220	124124
JAR	299299	182182	221223	161161	220220	124124
JAR	299299	182182	223223	161161	220220	130124
JAR	299299	182182	221223	161161	220220	124124
JAR	299299	182182	221221	161161	220220	124124
JAR	299299	182182	223223	161161	220220	130124
JAR	299299	182182	221221	161161	220220	124124
JAR	299299	182182	221221	161161	220220	124124
JAR	299299	182182	223223	161161	220220	130124
JAR	299299	182182	221221	161161	220220	124124
JAR	299299	182182	223223	161161	220220	130130
JAR	299299	182182	221221	161161	220220	130124
JAR	299299	182182	221221	161161	220220	124134
JAR	299299	182182	223223	161161	220220	130134
JAR	299299	182182	221221	161161	220220	130124
JAR	299299	182182	223223	161161	220220	130124
H	297299	0	0	161257	220220	0
H	299299	182182	223223	161161	220220	136136
H	299299	182182	223223	161161	220220	136136
H	299299	182182	221221	161161	220220	136136
M	299299	182182	221221	161161	220220	136136
M	299299	182182	221221	161161	220220	136136
M	299299	182182	221221	161161	220220	136136
M	299299	182182	221221	161161	220220	136136
FM	299299	182182	0	161161	220220	136136
FM	299299	182182	0	161161	220220	136136
FM	299299	182182	0	161161	220220	124136
FM	299299	182182	0	161161	220220	124136
FM	299299	182182	0	161161	220220	124136
FM	299299	182182	0	161161	220220	0
FM	299299	182182	0	161161	220220	124124
FCA	299299	182182	221223	161161	220220	124132
FCC	299299	182182	221221	161161	220220	124124
FCC	299299	182182	221223	161161	220220	132132
FCC	299299	182182	221223	161161	220220	132132
FCC	299299	182182	221223	161161	220220	136136
FCC	299299	182182	223223	161161	220220	124136
FCC	299299	182182	221223	161161	220220	132136
FCC	299299	182182	221223	161161	220220	136136
FCC	299299	182182	221223	161161	220220	0
FCC	299299	182182	221221	161161	220222	124124
FCC	299299	182182	221221	161161	220222	124124
FCC	299299	182182	221221	161161	220220	124124
FCC	299299	182182	221223	161161	220220	124136
FCC	299299	182182	221223	161161	220220	124136
FCC	299299	182182	221221	161161	220220	126136
FCC	0	182182	0	161161	220220	136136
FCC	299299	182182	221223	161161	220220	132136
FCC	299299	182182	221221	161161	220220	0
FCC	299299	182182	221223	161161	220220	136136
ECC	299299	182182	221223	161161	220220	136136
ECC	299299	182182	221221	161161	220220	136136
ECC	299299	0	221223	161161	220220	0
ECC	299299	182182	221223	161161	220220	136136
EC	299299	182182	221221	161161	220220	132136
EP	297299	0	0	161267	220220	0
EP	299299	182182	0	161161	220220	0
AL	299299	182182	0	161161	0	124124
AL	299299	182182	0	161161	220220	124124
AL	299299	182182	0	161161	228228	124124
AL	299299	182182	0	161161	220228	124124
AL	299299	182182	0	161161	220220	124124
AL	299299	182182	0	161161	220220	124132
AL	299299	182182	0	161161	222222	124124
AL	299299	182182	0	161161	220220	124136
EK	299299	182182	0	161161	220220	124124
EK	299299	182182	0	161161	220220	124124
EK	299299	182182	0	161161	220220	124136
EK	299299	182182	0	161161	220228	124124
EK	299299	182182	0	161161	220220	124124
EK	299299	182182	0	161161	220228	124136
EK	299299	182182	0	161161	220220	124124
EK	299299	182182	0	161161	220220	124124
EK	299299	182182	0	161161	220228	124124
EK	299299	182182	0	161161	220220	124124
EST	299299	182182	0	161161	220220	124124
EST	299299	182182	0	161161	220220	124126
EST	299299	182182	0	161161	220220	124124
EST	299299	182182	0	161161	220220	124124
EST	299299	182182	0	161161	220220	124124
SA	299299	182182	0	161161	224224	124136
SA	299299	182182	0	161161	220220	124124
SA	299299	182182	0	161161	220224	124128
SA	299299	182182	0	161161	220220	124128
SA	299299	182182	0	161161	220220	128128
SA	299299	182182	0	161161	220220	124124
SA	299299	182182	0	161161	220220	124136
SA	299299	182182	0	161161	220220	124124
SA	299299	182182	0	161161	220224	128136
SA	299299	182182	0	161161	220220	124124
SK	299299	182182	0	161161	220228	124124
SK	299299	182182	0	161161	220220	124124
SK	299299	182182	0	161161	220220	124124
SK	299299	182182	0	161161	220220	124124
SK	299299	182182	0	161161	220220	124124
SK	299299	182182	0	161161	220220	124124
SK	299299	182182	0	161161	214220	136136
SK	299299	182182	0	161161	220220	124136
SK	299299	182182	0	161161	220220	124124
SK	299299	182182	0	161161	220220	124124
SK	299299	182182	0	161161	220220	136136
SK	299299	182182	0	161161	220220	124124
SK	299299	182182	0	161161	220222	124124
SK	299299	182182	0	161161	0	124124
SK	299299	182182	0	161161	220220	124124
SK	299299	182182	0	161161	220220	124124
SK	299299	182182	0	161161	220220	124124
SK	299299	182182	0	161161	220224	124124
SK	299299	182182	0	161161	220220	124124
SK	299299	182182	0	161161	0	124124
SK	299299	182182	0	161161	220220	124124
TU	299299	182182	0	161161	220222	124136
TU	299299	182182	0	161161	220222	124124
TU	299299	182182	0	161161	220222	124136
TU	299299	182182	0	161161	220220	124124
TU	299299	182182	0	161161	220220	124124
TU	299299	182182	0	161161	220220	124124
TU	299299	182182	0	161161	220220	124124
TU	299299	182182	0	161161	222222	124136
TU	299299	182182	0	161161	220220	128128
TU	299299	182182	0	161161	220220	124128
TU	299299	182182	0	161161	220224	124128
TU	299299	182182	0	161161	220220	124136
TU	299299	182182	0	161161	220220	124128
TU	299299	182182	0	161161	220220	124136
TU	299299	182182	0	161161	220220	124128
TU	299299	182182	0	161161	220220	124128
TU	299299	182182	0	161161	220220	124128
TU	299299	182182	0	161161	220224	128136
TU	299299	182182	0	161161	220220	124128
TU	299299	182182	0	161161	220220	124124
STEC	299299	182182	221221	161161	222222	140140
STEC	299299	182182	221221	161161	222222	140140
STEC	299299	182182	221221	161161	222222	140140
STEC	299299	182182	221221	161161	222222	140140
STEC	299299	182182	221221	161161	222222	140140
STEC	299299	182182	221221	161161	222222	140140
STEC	299299	182182	221221	161161	220222	140140
STEC	299299	182182	221221	161161	222222	140140
STEC	299299	182182	221221	161161	222222	140140
STEC	299299	182182	221221	161161	222222	140140
STEC	299299	182182	221221	161161	222222	140140
STEC	299299	182182	221221	161161	222222	140140
STEC	299299	182182	221221	161161	222222	140140
STEC	299299	182182	221221	161161	222222	124140
STEC	299299	182182	221221	161161	222224	140140
STEC	299299	182182	221221	161161	222222	140140
STEC	299299	182182	221221	161161	222222	124140
STEC	299299	182182	221221	161161	222222	140140
STEC	299299	182182	221221	161161	222222	140140
STEC	299299	182182	221221	161161	220222	140140
STEC	299299	182182	221221	161161	222222	140140
STEC	299299	182182	221221	161161	222222	140140
STEC	299299	182182	221221	161161	222222	140140
STEC	299299	182182	221221	161161	222222	140140
STEC	299299	182182	221221	161161	222222	140140
STEC	299299	182182	221221	161161	222222	140140
STEC	299299	182182	221221	161161	220220	140140
STEC	299299	182182	221221	161161	222222	140140
STEC	299299	182182	221221	161161	222222	124140
STEC	299299	182182	221221	161161	222222	140140
STEC	299299	182182	221221	161161	222222	140140
STYV	299299	182182	223223	161161	220220	124124
STYV	299299	182182	223223	161161	220220	124124
STYV	299299	182182	221223	161161	220222	124124
STYV	299299	182182	221223	161161	220220	124124
STYV	299299	182182	223223	161161	220220	124124
STYV	299299	182182	0	161161	220202	124124
STYV	299299	182182	0	161161	0	0
STYV	299299	182182	0	161161	0	0
STYV	299299	182182	221223	161161	220220	124124
STYV	299299	182182	223223	161161	220220	124124
STYV	299299	182182	221223	161161	220220	124124
STYV	299299	182182	223223	161161	220222	124124
STYV	299299	182182	223223	161161	222222	124124
STYV	299299	182182	0	161161	0	0
STYV	299299	182182	221223	161161	220220	124124
STYV	299299	182182	223223	161161	220222	124124
STYV	299299	182182	223223	161161	220222	124124
STYV	299299	182182	223223	161161	220220	124124
STYV	299299	182182	221223	161161	222222	124124
STYV	299299	182182	223223	161161	220222	124124
STYV	299299	182182	221223	161161	220220	124124
STYV	299299	182182	223223	161161	220220	124124
STYV	299299	182182	223223	161161	220222	124124
STYV	299299	182182	223223	161161	228228	124124
STYV	299299	182182	223223	161161	220220	124124
STYV	299299	182182	223223	161161	220222	124124
STYV	299299	182182	223223	161161	220224	124124
STYV	299299	182182	221223	161161	220220	124124
STYV	299299	182182	221223	161161	220220	124124
KAP	299299	182182	221221	161161	224224	124124
KAP	299299	182182	221221	161161	0	124124
KAP	299299	182182	221221	161161	0	124124
KAP	299299	182182	221221	161161	0	124124
KAP	299299	182182	221221	161161	0	124124
KAP	299299	182182	221221	161161	0	124124
KAP	299299	182182	221221	161161	224224	124124
KAP	299299	182182	221221	161161	0	124124
KAP	299299	182182	221221	161161	0	124124
KAP	299299	182182	221221	161161	0	124124
KAP	299299	182182	221221	161161	0	124124
UKR	299299	182182	221223	161161	220220	124124
UKR	299299	182182	221221	161161	220220	124124
UKR	299299	182182	221221	161161	228228	124124
UKR	299299	182182	221223	161161	220220	124124
UKR	299299	182182	221223	161161	220220	124124
UKR	299299	182182	219219	161161	228228	124124
UKR	299299	182182	219221	161161	222228	124124
EST2	299299	182182	221221	161161	0	124124
EST2	299299	182182	221221	161161	0	124124
EST2	299299	182182	221223	161161	0	124124
EST2	299299	182182	221221	161161	0	124124
EST2	299299	182182	221221	161161	0	124124
EST2	299299	182182	221223	161161	220220	124124
GFP2	299299	182182	221221	161161	220220	136136
GFP2	299299	182182	221221	161161	220220	136136
GFP2	299299	182182	221221	161161	220220	124124
GFP2	299299	182182	221221	161161	220220	136136
GFP2	299299	182182	221221	161161	220220	136136
GFP2	299299	182182	221221	161161	220220	124136
GFP2	299299	182182	221221	161161	220220	124124
GFP2	299299	182182	221221	161161	220220	136136
HOLT	299299	182182	221223	161161	220220	136136
HOLT	299299	182182	221221	161161	220220	136136
HOLT	299299	182182	221223	161161	220220	136136
HOLT	299299	182182	221221	161161	220220	136136
HOLT	299299	182182	221223	161161	220220	124136
HOLT	299299	182182	221223	161161	220220	124124
HOLT	299299	182182	221221	161161	220220	136136
HOLT	299299	182182	221223	161161	220220	136136
HOLT	299299	182182	223223	161161	220220	136136
HOLT	299299	182182	221223	161161	220220	136136
HOLT	299299	182182	221223	161161	220220	136136
HOLT	299299	182182	221221	161161	220220	136136
HOLT	299299	182182	221221	161161	220220	124136
HOLT	299299	182182	221223	161161	220220	124136
HOLT	299299	182182	221223	161161	220220	136136
HOLT	299299	182182	221223	161161	220220	136136
HOLT	299299	182182	221223	161161	220220	136136
OU	299299	182182	221221	161161	220220	124136
OU	299299	182182	221221	161161	220220	136136
OU	299299	182182	221221	161161	220228	124124
OU	299299	182182	221221	161161	220220	124136
OU	299299	182182	221221	161161	220220	124136
OU	299299	182182	221221	161161	220220	124124
OU	299299	182182	221221	161161	220228	124136
OU	299299	182182	221221	161161	220220	124124
OU	299299	182182	221223	161161	220220	124124
RAIL	299299	182182	221221	161161	220220	136136
RAIL	299299	182182	221221	161161	220220	136136
RAIL	299299	182182	221221	161161	220220	124124
RAIL	299299	182182	221221	161161	220220	124136
RAIL	299299	182182	221221	161161	220220	124136
RAIL	299299	182182	221221	161161	220220	124136
RAIL	299299	182182	221221	161161	220220	136136
RAIL	299299	182182	221221	161161	220220	124136
RAIL	299299	182182	221221	161161	220220	136136
RAIL	299299	182182	221221	161161	220220	124124
RAIL	299299	182182	221221	161161	220220	124136
RAIL	299299	182182	221221	161161	220220	124136
RAIL	299299	182182	221221	161161	220220	136136
RAIL	299299	182182	221221	161161	220220	136136
RAIL	299299	182182	221221	161161	220220	124136
RAIL	299299	182182	221221	161161	220220	136136
RAIL	299299	182182	221221	161161	220220	136136
RAIL	299299	182182	221221	161161	220220	136136
RAIL	299299	182182	221221	161161	220220	136136
RAIL	299299	182182	221221	161161	220220	124124
GOT	299299	182182	221221	161161	220220	124124
GOT	299299	182182	219219	161161	220224	124124
GOT	299299	182182	219219	161161	220220	124124
GOT	299299	182182	221221	161161	220220	124124
KRA	299299	182182	221221	161161	220220	124124
KRA	299299	182182	219219	161161	220224	124124
KRA	299299	182182	221221	161161	220220	124124
KRA	0	182182	0	161161	220220	124124
KRA	299299	182182	221223	161161	220220	124136
KRA	299299	182182	223223	161161	220224	124124
COP	299299	182182	0	161161	220220	124136
COP	299299	182182	0	161161	220220	124136
COP	299299	182182	0	161161	220224	122124
COP	299299	182182	0	161161	220220	124136
COP	299299	182182	0	161161	220220	124124
COP	299299	182182	0	161161	220220	124124
COP	299299	182182	0	161161	220220	124124
COP	299299	182182	0	161161	220220	124136
COP	299299	182182	0	161161	220220	124136
COP	299299	182182	0	161161	220220	124136
COP	299299	182182	0	161161	220220	124124
COP	299299	182182	0	161161	124124	0
OBY	299299	182182	0	161161	220220	124124
OBY	299299	182182	0	161161	220220	124124
OBY	299299	182182	0	161161	220220	124124
OBY	299299	182182	0	161161	220220	124124
OBY	299299	182182	0	161161	220220	124124
OBY	299299	182182	0	161161	222222	124124
OBY	299299	182182	0	161161	220220	124124
OBY	299299	182182	0	161161	222222	124124
OBY	299299	182182	0	161161	220220	124124
OBY	299299	182182	0	161161	220220	124124
OBY	299299	182182	0	161161	220220	124124
OBY	299299	182182	0	161161	220220	124124
OBY	299299	182182	0	161161	220220	124124
OBY	299299	182182	0	161161	124124	0
PED	299299	182182	0	161161	220220	128136
PED	299299	182182	0	161161	220220	124128
PED	299299	182182	0	161161	220220	124124
PED	299299	182182	0	161161	220220	122122
PED	299299	182182	0	161161	220220	124124
PED	299299	182182	0	161161	220220	124124
PED	299299	182182	0	161161	220220	128128
PED	299299	182182	0	161161	220220	124128
PED	299299	182182	0	161161	220220	124128
PED	299299	182182	0	161161	220220	128136
PED	299299	182182	0	161161	220220	124124
PED	299299	182182	0	161161	220220	136136
PED	299299	182182	0	161161	220220	124124
PED	299299	182182	0	161161	220220	124124
TROM	299299	182182	0	161161	220220	124124
TROM	299299	182182	0	161161	220220	124124
TROM	299299	182182	0	161161	220220	124124
TROM	299299	182182	0	161161	220220	124124
TROM	299299	182182	0	161161	220220	124124
TROM	299299	182182	0	161161	220220	124124
TROM	299299	182182	0	161161	220220	124124
TROM	299299	182182	0	161161	220220	124124
TROM	299299	182182	0	161161	220220	124124
TROM	299299	182182	0	161161	220220	124124
TROM	299299	182182	0	161161	220220	124124
TROM	299299	182182	0	161161	220220	124124
TROM	299299	182182	0	161161	220220	124124
TROM	299299	182182	0	161161	220220	124124
TROM	299299	182182	0	161161	220220	124124
TROM	299299	182182	0	161161	220220	124124
WEN	299299	182182	0	161161	220220	124124
WEN	299299	182182	0	161161	220224	124124
WEN	299299	182182	0	161161	224224	124124
WEN	299299	182182	0	161161	124124	0
WEN	299299	182182	0	161161	220220	124124
WEN	299299	182182	0	161161	220220	124124
WEN	299299	182182	0	161161	220220	124124
WEN	299299	182182	0	161161	224224	124124
WEN	299299	182182	0	161161	124124	0
WEN	299299	182182	0	161161	220224	124124
WEN	299299	182182	0	161161	224224	124124
WEN	299299	182182	0	161161	224224	124124
WEN	299299	182182	0	161161	220220	124124
WEN	299299	182182	0	161161	220224	124124
WEN	299299	182182	0	161161	220224	124124
WEN	299299	182182	0	161161	220220	124124
GAM	299299	182182	0	161161	220220	124136
GAM	299299	182182	0	161161	220220	124124
GAM	299299	182182	0	161161	220220	124124
GAM	299299	182182	0	161161	220220	124124
GAM	299299	182182	0	161161	220220	128136
GAM	299299	182182	0	161161	220220	0
GAM	299299	182182	0	161161	220220	0
GAM	299299	182182	0	161161	220220	124136
GAM	299299	182182	0	161161	220220	124136
GAM	299299	182182	0	161161	220220	124136
GAM	299299	182182	0	161161	220220	124136
GAM	299299	182182	0	161161	220220	124136
GAM	299299	182182	0	161161	220220	124136
GAM	299299	182182	0	161161	220220	124136
BOR	299299	182182	0	161161	220224	124136
BOR	299299	182182	0	161161	222224	124136
BOR	299299	182182	0	161161	220224	124136
BOR	299299	182182	0	161161	224224	124124
BOR	299299	182182	0	161161	220224	124128
